run,xign,yign,fuel,slp,asp,ws,wd,m1,m10,m100,cc,ch,cbh,cbd,lhc,lwc,firearea
0,-101.1,-580.6,101,13,345,3.9,226.6,3.0,4.0,5.0,0,0,0,0,120.0,150.0,
1,619.5,-0.1,101,15,311,10.8,294.8,6.0,7.0,8.0,0,0,0,0,120.0,150.0,
2,-909.6,794.2,101,6,175,16.6,208.7,3.0,4.0,5.0,0,0,0,0,60.0,90.0,
3,894.8,-650.5,101,26,334,30.8,35.7,12.0,13.0,14.0,0,0,0,0,120.0,150.0,
4,-43.3,-832.0,101,16,132,20.5,303.3,3.0,4.0,5.0,0,0,0,0,90.0,120.0,
5,-746.8,-56.6,101,25,294,23.4,222.4,12.0,13.0,14.0,0,0,0,0,90.0,120.0,
6,-843.1,312.2,101,42,100,29.0,99.9,9.0,10.0,11.0,0,0,0,0,60.0,90.0,
7,-932.7,-361.9,101,18,354,28.4,297.9,3.0,4.0,5.0,0,0,0,0,120.0,150.0,
8,-248.9,35.0,101,22,354,17.6,14.3,6.0,7.0,8.0,0,0,0,0,120.0,150.0,
9,46.9,255.2,101,19,74,9.1,193.8,12.0,13.0,14.0,0,0,0,0,60.0,90.0,
10,663.4,308.9,101,20,318,2.3,50.1,9.0,10.0,11.0,0,0,0,0,120.0,150.0,
11,150.9,267.9,101,30,246,13.2,274.4,12.0,13.0,14.0,0,0,0,0,30.0,60.0,
12,296.5,183.6,101,45,146,18.3,343.0,9.0,10.0,11.0,0,0,0,0,60.0,90.0,
13,825.4,-659.8,101,18,219,12.1,147.3,3.0,4.0,5.0,0,0,0,0,120.0,150.0,
14,835.9,-394.0,101,10,360,20.7,78.8,3.0,4.0,5.0,0,0,0,0,90.0,120.0,
15,515.3,-524.0,101,17,243,13.7,290.7,12.0,13.0,14.0,0,0,0,0,30.0,60.0,
16,334.7,592.3,101,33,314,2.6,289.8,12.0,13.0,14.0,0,0,0,0,120.0,150.0,
17,-316.0,497.5,101,9,197,26.2,230.7,9.0,10.0,11.0,0,0,0,0,120.0,150.0,
18,-181.7,-88.3,101,17,183,16.4,77.6,9.0,10.0,11.0,0,0,0,0,30.0,60.0,
19,21.0,128.2,101,7,264,16.4,356.2,3.0,4.0,5.0,0,0,0,0,60.0,90.0,
20,799.7,-867.3,101,31,214,8.1,195.6,9.0,10.0,11.0,0,0,0,0,60.0,90.0,
21,33.5,121.1,101,19,309,5.1,245.7,9.0,10.0,11.0,0,0,0,0,60.0,90.0,
22,364.2,-331.5,101,19,136,24.7,199.7,9.0,10.0,11.0,0,0,0,0,120.0,150.0,
23,566.5,353.8,101,33,330,25.5,343.4,9.0,10.0,11.0,0,0,0,0,90.0,120.0,
24,-473.5,700.3,101,33,284,28.5,296.1,12.0,13.0,14.0,0,0,0,0,90.0,120.0,
25,441.3,-558.7,101,6,26,12.8,215.2,3.0,4.0,5.0,0,0,0,0,30.0,60.0,
26,-322.4,-486.7,101,41,218,10.1,273.4,12.0,13.0,14.0,0,0,0,0,90.0,120.0,
27,-603.6,310.3,101,26,245,2.4,274.9,12.0,13.0,14.0,0,0,0,0,120.0,150.0,
28,-663.4,940.0,101,2,26,22.6,122.6,6.0,7.0,8.0,0,0,0,0,60.0,90.0,
29,-691.2,-861.2,101,12,260,7.3,219.0,12.0,13.0,14.0,0,0,0,0,30.0,60.0,
30,-90.8,-949.6,101,0,24,6.8,164.9,12.0,13.0,14.0,0,0,0,0,60.0,90.0,
31,871.1,-63.0,101,7,271,18.3,162.4,12.0,13.0,14.0,0,0,0,0,30.0,60.0,
32,691.7,485.6,101,42,178,26.7,339.1,12.0,13.0,14.0,0,0,0,0,60.0,90.0,
33,-567.0,453.9,101,20,89,24.4,256.1,6.0,7.0,8.0,0,0,0,0,60.0,90.0,
34,-106.9,63.0,101,41,328,27.9,271.6,9.0,10.0,11.0,0,0,0,0,90.0,120.0,
35,147.2,-730.5,101,12,278,4.3,38.7,3.0,4.0,5.0,0,0,0,0,30.0,60.0,
36,-701.9,353.1,101,13,60,2.8,204.7,9.0,10.0,11.0,0,0,0,0,60.0,90.0,
37,-613.4,456.5,101,14,108,27.0,140.2,3.0,4.0,5.0,0,0,0,0,30.0,60.0,
38,-668.6,383.3,101,28,205,6.6,216.1,12.0,13.0,14.0,0,0,0,0,90.0,120.0,
39,276.0,660.2,101,33,63,15.5,208.8,9.0,10.0,11.0,0,0,0,0,30.0,60.0,
40,-706.7,-462.0,101,7,301,12.6,229.2,3.0,4.0,5.0,0,0,0,0,90.0,120.0,
41,729.1,370.6,101,27,188,12.5,351.5,3.0,4.0,5.0,0,0,0,0,120.0,150.0,
42,592.6,746.1,101,29,289,8.5,38.8,6.0,7.0,8.0,0,0,0,0,120.0,150.0,
43,767.2,652.4,101,22,129,21.2,322.2,12.0,13.0,14.0,0,0,0,0,120.0,150.0,
44,-282.2,-604.6,101,0,313,14.9,183.0,6.0,7.0,8.0,0,0,0,0,60.0,90.0,
45,-615.5,253.1,101,23,207,12.3,58.4,3.0,4.0,5.0,0,0,0,0,60.0,90.0,
46,-25.0,-261.4,101,4,60,24.7,189.7,9.0,10.0,11.0,0,0,0,0,60.0,90.0,
47,453.8,-119.8,101,2,266,15.6,253.3,6.0,7.0,8.0,0,0,0,0,60.0,90.0,
48,-243.5,226.0,101,35,275,30.6,302.4,9.0,10.0,11.0,0,0,0,0,90.0,120.0,
49,-119.3,-156.6,101,27,6,3.5,97.8,3.0,4.0,5.0,0,0,0,0,120.0,150.0,
50,288.4,161.2,101,2,235,4.6,281.2,12.0,13.0,14.0,0,0,0,0,60.0,90.0,
51,-949.5,797.2,101,21,308,23.7,147.6,9.0,10.0,11.0,0,0,0,0,30.0,60.0,
52,-105.1,12.5,101,44,337,26.1,134.0,9.0,10.0,11.0,0,0,0,0,120.0,150.0,
53,204.6,42.7,101,22,305,4.7,88.1,9.0,10.0,11.0,0,0,0,0,90.0,120.0,
54,-81.7,-803.4,101,12,234,19.7,307.6,6.0,7.0,8.0,0,0,0,0,30.0,60.0,
55,-49.0,-302.1,101,5,348,30.2,317.4,9.0,10.0,11.0,0,0,0,0,120.0,150.0,
56,509.9,-383.4,101,14,143,13.9,86.5,3.0,4.0,5.0,0,0,0,0,90.0,120.0,
57,202.6,-88.8,101,28,149,16.7,149.7,12.0,13.0,14.0,0,0,0,0,120.0,150.0,
58,-774.9,-222.7,101,27,103,6.9,337.0,12.0,13.0,14.0,0,0,0,0,90.0,120.0,
59,-824.0,-30.2,101,32,163,8.6,90.1,12.0,13.0,14.0,0,0,0,0,30.0,60.0,
60,470.7,-675.3,101,10,154,21.0,293.9,6.0,7.0,8.0,0,0,0,0,120.0,150.0,
61,334.9,275.6,101,16,179,12.7,233.5,6.0,7.0,8.0,0,0,0,0,30.0,60.0,
62,767.1,-377.5,101,26,180,22.1,214.9,9.0,10.0,11.0,0,0,0,0,90.0,120.0,
63,787.0,-152.0,101,4,184,12.6,310.6,12.0,13.0,14.0,0,0,0,0,30.0,60.0,
64,-852.0,-127.6,101,21,244,5.5,129.4,6.0,7.0,8.0,0,0,0,0,60.0,90.0,
65,796.4,-598.0,101,11,41,9.8,311.7,3.0,4.0,5.0,0,0,0,0,60.0,90.0,
66,362.3,285.6,101,4,249,1.1,300.9,6.0,7.0,8.0,0,0,0,0,90.0,120.0,
67,599.2,-286.4,101,38,62,30.5,286.6,3.0,4.0,5.0,0,0,0,0,90.0,120.0,
68,655.7,-780.9,101,12,240,29.6,64.3,3.0,4.0,5.0,0,0,0,0,90.0,120.0,
69,414.1,-233.8,101,1,54,7.8,342.2,9.0,10.0,11.0,0,0,0,0,30.0,60.0,
70,-443.1,-250.1,101,31,29,15.1,236.1,3.0,4.0,5.0,0,0,0,0,30.0,60.0,
71,-334.5,-755.4,101,14,206,6.9,126.4,3.0,4.0,5.0,0,0,0,0,90.0,120.0,
72,108.5,-276.5,101,41,204,11.8,131.9,12.0,13.0,14.0,0,0,0,0,90.0,120.0,
73,-138.6,-244.9,101,18,282,19.9,204.6,3.0,4.0,5.0,0,0,0,0,30.0,60.0,
74,816.6,563.3,101,17,142,25.3,7.6,12.0,13.0,14.0,0,0,0,0,90.0,120.0,
75,-681.7,-236.6,101,26,2,13.7,181.9,12.0,13.0,14.0,0,0,0,0,60.0,90.0,
76,-872.9,-777.3,101,37,227,23.3,347.7,3.0,4.0,5.0,0,0,0,0,60.0,90.0,
77,253.4,-339.3,101,44,0,5.2,275.7,9.0,10.0,11.0,0,0,0,0,30.0,60.0,
78,-437.4,304.0,101,39,111,3.9,61.6,6.0,7.0,8.0,0,0,0,0,90.0,120.0,
79,-773.0,715.1,101,16,99,10.0,8.4,9.0,10.0,11.0,0,0,0,0,30.0,60.0,
80,464.5,689.0,101,43,137,3.1,279.0,3.0,4.0,5.0,0,0,0,0,30.0,60.0,
81,-756.3,452.3,101,44,58,24.1,290.8,3.0,4.0,5.0,0,0,0,0,30.0,60.0,
82,208.8,37.5,101,37,249,24.9,79.5,9.0,10.0,11.0,0,0,0,0,60.0,90.0,
83,-462.3,353.8,101,32,212,21.3,47.4,12.0,13.0,14.0,0,0,0,0,120.0,150.0,
84,-91.3,-899.4,101,31,262,15.6,179.6,9.0,10.0,11.0,0,0,0,0,30.0,60.0,
85,406.7,-244.4,101,27,301,26.6,17.1,3.0,4.0,5.0,0,0,0,0,30.0,60.0,
86,669.2,326.1,101,37,126,11.5,123.0,3.0,4.0,5.0,0,0,0,0,90.0,120.0,
87,360.3,170.8,101,22,235,28.4,345.7,6.0,7.0,8.0,0,0,0,0,120.0,150.0,
88,134.9,25.4,101,43,188,7.0,100.7,3.0,4.0,5.0,0,0,0,0,60.0,90.0,
89,381.6,255.8,101,39,14,1.8,9.4,3.0,4.0,5.0,0,0,0,0,120.0,150.0,
90,-522.3,123.2,101,1,259,0.4,298.0,6.0,7.0,8.0,0,0,0,0,60.0,90.0,
91,208.2,-321.2,101,11,304,1.4,92.9,6.0,7.0,8.0,0,0,0,0,60.0,90.0,
92,641.1,672.5,101,27,121,21.0,246.8,6.0,7.0,8.0,0,0,0,0,90.0,120.0,
93,663.7,568.0,101,22,127,4.2,225.4,9.0,10.0,11.0,0,0,0,0,90.0,120.0,
94,716.7,951.4,101,9,156,7.0,96.2,12.0,13.0,14.0,0,0,0,0,120.0,150.0,
95,-7.1,857.9,101,14,333,24.0,166.7,12.0,13.0,14.0,0,0,0,0,120.0,150.0,
96,-926.0,-1.1,101,7,302,22.9,74.2,6.0,7.0,8.0,0,0,0,0,120.0,150.0,
97,-751.6,-910.7,101,41,48,13.0,69.1,3.0,4.0,5.0,0,0,0,0,120.0,150.0,
98,-624.5,-590.5,101,45,27,20.4,191.1,6.0,7.0,8.0,0,0,0,0,30.0,60.0,
99,114.3,-607.3,101,35,64,2.9,226.0,9.0,10.0,11.0,0,0,0,0,30.0,60.0,
100,-321.8,527.6,101,14,326,21.9,184.0,6.0,7.0,8.0,0,0,0,0,60.0,90.0,
101,-457.7,782.0,101,16,180,28.4,119.8,6.0,7.0,8.0,0,0,0,0,60.0,90.0,
102,-41.2,-847.2,101,5,231,17.8,12.3,12.0,13.0,14.0,0,0,0,0,60.0,90.0,
103,-729.9,-296.3,101,45,306,25.1,41.8,6.0,7.0,8.0,0,0,0,0,30.0,60.0,
104,194.8,393.8,101,33,1,11.4,103.0,3.0,4.0,5.0,0,0,0,0,120.0,150.0,
105,279.8,-678.7,101,21,212,13.0,186.9,9.0,10.0,11.0,0,0,0,0,120.0,150.0,
106,817.7,869.6,101,27,101,15.3,162.2,6.0,7.0,8.0,0,0,0,0,30.0,60.0,
107,-601.8,-489.7,101,34,66,6.8,93.4,3.0,4.0,5.0,0,0,0,0,30.0,60.0,
108,714.9,463.8,101,22,143,19.1,128.4,9.0,10.0,11.0,0,0,0,0,120.0,150.0,
109,348.7,104.5,101,11,280,9.0,277.6,12.0,13.0,14.0,0,0,0,0,90.0,120.0,
110,302.0,941.7,101,40,331,13.5,266.2,6.0,7.0,8.0,0,0,0,0,120.0,150.0,
111,-440.7,468.6,101,11,183,29.4,216.2,6.0,7.0,8.0,0,0,0,0,60.0,90.0,
112,338.6,-244.9,101,10,275,2.5,159.4,3.0,4.0,5.0,0,0,0,0,120.0,150.0,
113,-512.8,527.2,101,44,298,6.3,21.8,9.0,10.0,11.0,0,0,0,0,60.0,90.0,
114,943.8,843.2,101,4,356,17.8,16.8,9.0,10.0,11.0,0,0,0,0,60.0,90.0,
115,899.9,487.0,101,7,177,9.1,204.2,3.0,4.0,5.0,0,0,0,0,60.0,90.0,
116,479.4,330.5,101,3,249,7.9,257.4,3.0,4.0,5.0,0,0,0,0,30.0,60.0,
117,382.4,-700.2,101,12,216,26.4,245.2,9.0,10.0,11.0,0,0,0,0,90.0,120.0,
118,71.9,-472.8,101,0,3,30.8,329.8,3.0,4.0,5.0,0,0,0,0,30.0,60.0,
119,-954.1,-871.7,101,28,295,1.9,101.9,9.0,10.0,11.0,0,0,0,0,30.0,60.0,
120,-293.8,551.0,101,13,332,0.7,323.3,3.0,4.0,5.0,0,0,0,0,30.0,60.0,
121,631.7,54.8,101,13,194,18.5,18.8,6.0,7.0,8.0,0,0,0,0,60.0,90.0,
122,-677.6,-151.3,101,12,169,18.2,308.3,12.0,13.0,14.0,0,0,0,0,90.0,120.0,
123,-927.1,729.6,101,1,321,28.8,272.9,3.0,4.0,5.0,0,0,0,0,60.0,90.0,
124,-22.1,530.3,101,26,281,19.9,42.2,12.0,13.0,14.0,0,0,0,0,120.0,150.0,
125,-274.5,-391.1,101,39,114,23.2,271.3,12.0,13.0,14.0,0,0,0,0,60.0,90.0,
126,-540.2,237.2,101,35,244,1.7,181.8,3.0,4.0,5.0,0,0,0,0,60.0,90.0,
127,-854.3,129.9,101,25,121,5.5,326.5,9.0,10.0,11.0,0,0,0,0,30.0,60.0,
128,-626.0,100.8,101,11,120,10.7,80.1,6.0,7.0,8.0,0,0,0,0,120.0,150.0,
129,-797.2,728.1,101,14,105,1.8,332.7,9.0,10.0,11.0,0,0,0,0,60.0,90.0,
130,-202.6,869.3,101,3,272,22.3,17.3,6.0,7.0,8.0,0,0,0,0,60.0,90.0,
131,-541.2,783.7,101,42,122,18.0,296.1,12.0,13.0,14.0,0,0,0,0,60.0,90.0,
132,491.5,822.2,101,38,252,1.9,317.6,3.0,4.0,5.0,0,0,0,0,30.0,60.0,
133,-222.1,-472.3,101,10,246,30.3,79.2,9.0,10.0,11.0,0,0,0,0,60.0,90.0,
134,749.7,-871.8,101,45,99,18.3,108.4,9.0,10.0,11.0,0,0,0,0,30.0,60.0,
135,111.4,185.4,101,16,115,7.1,219.7,3.0,4.0,5.0,0,0,0,0,60.0,90.0,
136,285.9,-658.8,101,12,45,17.6,279.9,3.0,4.0,5.0,0,0,0,0,60.0,90.0,
137,-788.9,371.9,101,37,80,21.1,172.4,9.0,10.0,11.0,0,0,0,0,60.0,90.0,
138,-89.9,840.6,101,34,261,27.8,73.2,3.0,4.0,5.0,0,0,0,0,30.0,60.0,
139,-2.3,223.8,101,6,312,2.0,132.4,9.0,10.0,11.0,0,0,0,0,120.0,150.0,
140,925.7,204.4,101,0,344,19.5,163.2,3.0,4.0,5.0,0,0,0,0,90.0,120.0,
141,664.8,-590.5,101,14,312,25.7,342.0,6.0,7.0,8.0,0,0,0,0,90.0,120.0,
142,15.4,328.2,101,23,40,28.6,212.9,9.0,10.0,11.0,0,0,0,0,30.0,60.0,
143,69.6,-83.1,101,31,164,10.1,93.1,6.0,7.0,8.0,0,0,0,0,120.0,150.0,
144,647.8,795.4,101,4,95,12.5,46.3,12.0,13.0,14.0,0,0,0,0,60.0,90.0,
145,689.4,-521.6,101,41,195,27.0,4.1,12.0,13.0,14.0,0,0,0,0,120.0,150.0,
146,-245.7,400.7,101,0,295,0.8,102.2,12.0,13.0,14.0,0,0,0,0,30.0,60.0,
147,933.3,-559.0,101,9,245,4.7,271.1,9.0,10.0,11.0,0,0,0,0,120.0,150.0,
148,-863.8,819.2,101,10,82,7.5,137.5,3.0,4.0,5.0,0,0,0,0,60.0,90.0,
149,35.4,-260.6,101,26,125,7.1,21.6,12.0,13.0,14.0,0,0,0,0,60.0,90.0,
150,122.0,-174.2,101,14,317,1.7,348.0,3.0,4.0,5.0,0,0,0,0,30.0,60.0,
151,-402.4,69.4,101,16,269,3.5,93.0,12.0,13.0,14.0,0,0,0,0,60.0,90.0,
152,-360.3,-154.6,101,6,248,9.5,238.2,9.0,10.0,11.0,0,0,0,0,60.0,90.0,
153,42.5,-865.8,101,5,192,30.2,43.3,9.0,10.0,11.0,0,0,0,0,120.0,150.0,
154,-656.6,-804.2,101,26,38,1.2,236.4,12.0,13.0,14.0,0,0,0,0,120.0,150.0,
155,-621.8,96.9,101,11,144,27.2,17.7,3.0,4.0,5.0,0,0,0,0,120.0,150.0,
156,-383.9,-777.1,101,23,167,25.2,218.4,12.0,13.0,14.0,0,0,0,0,60.0,90.0,
157,-325.4,736.6,101,41,360,11.0,355.3,12.0,13.0,14.0,0,0,0,0,30.0,60.0,
158,553.9,-71.3,101,11,24,29.2,149.3,9.0,10.0,11.0,0,0,0,0,30.0,60.0,
159,-260.8,799.5,101,42,210,6.8,72.6,3.0,4.0,5.0,0,0,0,0,30.0,60.0,
160,283.2,-237.1,101,38,134,23.6,9.1,6.0,7.0,8.0,0,0,0,0,120.0,150.0,
161,-746.1,-591.5,101,7,124,12.7,97.9,3.0,4.0,5.0,0,0,0,0,60.0,90.0,
162,223.1,-196.7,101,44,135,15.5,133.7,6.0,7.0,8.0,0,0,0,0,30.0,60.0,
163,-621.7,-865.5,101,38,38,30.6,30.6,6.0,7.0,8.0,0,0,0,0,30.0,60.0,
164,-883.6,-629.3,101,34,173,30.0,328.5,12.0,13.0,14.0,0,0,0,0,30.0,60.0,
165,546.6,624.3,101,6,344,11.8,42.3,6.0,7.0,8.0,0,0,0,0,90.0,120.0,
166,360.9,268.8,101,2,215,14.3,352.3,12.0,13.0,14.0,0,0,0,0,120.0,150.0,
167,745.8,399.5,101,3,174,24.2,308.0,6.0,7.0,8.0,0,0,0,0,30.0,60.0,
168,-921.2,-128.6,101,45,153,29.8,245.5,12.0,13.0,14.0,0,0,0,0,60.0,90.0,
169,799.1,-701.1,101,14,228,19.0,320.7,3.0,4.0,5.0,0,0,0,0,120.0,150.0,
170,646.5,-370.9,101,5,22,14.1,283.8,6.0,7.0,8.0,0,0,0,0,120.0,150.0,
171,954.4,-185.4,101,35,155,9.9,79.0,3.0,4.0,5.0,0,0,0,0,90.0,120.0,
172,15.3,-277.8,101,29,181,21.1,189.8,9.0,10.0,11.0,0,0,0,0,120.0,150.0,
173,268.3,-59.9,101,45,347,23.0,252.1,9.0,10.0,11.0,0,0,0,0,90.0,120.0,
174,193.4,-719.5,101,30,25,23.5,264.2,3.0,4.0,5.0,0,0,0,0,60.0,90.0,
175,303.3,-788.1,101,29,31,5.8,86.6,9.0,10.0,11.0,0,0,0,0,60.0,90.0,
176,101.6,-262.6,101,24,224,9.4,201.8,3.0,4.0,5.0,0,0,0,0,90.0,120.0,
177,-684.1,179.0,101,36,67,11.4,319.2,12.0,13.0,14.0,0,0,0,0,30.0,60.0,
178,-232.0,-288.5,101,6,349,19.6,333.6,6.0,7.0,8.0,0,0,0,0,120.0,150.0,
179,-774.4,-569.1,101,19,162,2.5,289.3,9.0,10.0,11.0,0,0,0,0,90.0,120.0,
180,354.5,87.0,101,42,288,24.6,147.2,12.0,13.0,14.0,0,0,0,0,30.0,60.0,
181,-340.2,-123.2,101,37,133,27.3,4.5,9.0,10.0,11.0,0,0,0,0,60.0,90.0,
182,162.8,905.1,101,2,285,0.3,46.2,6.0,7.0,8.0,0,0,0,0,30.0,60.0,
183,660.4,562.9,101,35,244,29.9,113.0,6.0,7.0,8.0,0,0,0,0,30.0,60.0,
184,-631.6,-511.3,101,9,349,19.1,279.6,9.0,10.0,11.0,0,0,0,0,120.0,150.0,
185,230.7,-245.2,101,24,19,19.2,291.6,3.0,4.0,5.0,0,0,0,0,120.0,150.0,
186,56.2,569.4,101,11,332,4.3,336.2,3.0,4.0,5.0,0,0,0,0,90.0,120.0,
187,-790.5,-690.9,101,1,272,3.2,346.4,6.0,7.0,8.0,0,0,0,0,120.0,150.0,
188,420.0,-69.4,101,38,321,1.9,129.0,3.0,4.0,5.0,0,0,0,0,90.0,120.0,
189,451.3,833.5,101,32,294,6.7,92.8,12.0,13.0,14.0,0,0,0,0,90.0,120.0,
190,-308.9,-32.8,101,9,145,29.4,314.9,6.0,7.0,8.0,0,0,0,0,60.0,90.0,
191,-502.9,183.3,101,21,130,6.1,145.8,6.0,7.0,8.0,0,0,0,0,120.0,150.0,
192,-569.8,-715.0,101,0,1,4.6,66.0,12.0,13.0,14.0,0,0,0,0,120.0,150.0,
193,-729.9,187.2,101,19,293,15.7,1.7,3.0,4.0,5.0,0,0,0,0,120.0,150.0,
194,67.4,302.4,101,13,351,13.0,161.1,12.0,13.0,14.0,0,0,0,0,60.0,90.0,
195,-369.5,183.9,101,44,59,11.9,73.3,9.0,10.0,11.0,0,0,0,0,90.0,120.0,
196,-26.2,288.1,101,39,201,3.7,295.9,6.0,7.0,8.0,0,0,0,0,90.0,120.0,
197,574.4,-643.4,101,30,131,15.9,113.9,6.0,7.0,8.0,0,0,0,0,90.0,120.0,
198,-398.8,-775.6,101,16,10,19.4,353.4,3.0,4.0,5.0,0,0,0,0,120.0,150.0,
199,231.2,-153.4,101,29,91,22.5,261.3,9.0,10.0,11.0,0,0,0,0,60.0,90.0,
200,416.0,541.6,101,3,114,28.2,192.6,3.0,4.0,5.0,0,0,0,0,30.0,60.0,
201,572.2,-341.0,101,32,289,25.7,96.5,12.0,13.0,14.0,0,0,0,0,120.0,150.0,
202,236.0,612.7,101,8,197,15.4,107.7,6.0,7.0,8.0,0,0,0,0,30.0,60.0,
203,690.7,441.3,101,14,307,16.1,263.0,9.0,10.0,11.0,0,0,0,0,60.0,90.0,
204,-809.0,79.7,101,42,117,2.0,140.6,9.0,10.0,11.0,0,0,0,0,90.0,120.0,
205,711.8,-163.4,101,23,353,3.3,279.0,12.0,13.0,14.0,0,0,0,0,90.0,120.0,
206,-310.9,-208.3,101,33,215,1.7,336.5,3.0,4.0,5.0,0,0,0,0,120.0,150.0,
207,504.0,-869.9,101,33,173,10.1,227.1,6.0,7.0,8.0,0,0,0,0,30.0,60.0,
208,500.6,183.8,101,43,157,24.2,94.3,12.0,13.0,14.0,0,0,0,0,90.0,120.0,
209,42.1,377.1,101,37,1,24.2,215.8,9.0,10.0,11.0,0,0,0,0,60.0,90.0,
210,-753.2,-125.8,101,41,84,7.9,207.6,6.0,7.0,8.0,0,0,0,0,90.0,120.0,
211,-480.3,-672.6,101,0,50,1.9,7.0,6.0,7.0,8.0,0,0,0,0,60.0,90.0,
212,876.6,-411.9,101,28,293,22.2,87.6,12.0,13.0,14.0,0,0,0,0,30.0,60.0,
213,343.9,84.6,101,11,23,8.8,5.4,12.0,13.0,14.0,0,0,0,0,120.0,150.0,
214,-881.2,562.1,101,10,178,30.1,97.5,9.0,10.0,11.0,0,0,0,0,30.0,60.0,
215,308.2,-11.3,101,4,46,21.2,19.9,3.0,4.0,5.0,0,0,0,0,60.0,90.0,
216,-758.5,909.4,101,10,135,6.6,284.1,12.0,13.0,14.0,0,0,0,0,30.0,60.0,
217,-314.4,195.6,101,11,330,27.6,351.7,6.0,7.0,8.0,0,0,0,0,90.0,120.0,
218,-311.1,-442.8,101,0,148,7.1,144.9,6.0,7.0,8.0,0,0,0,0,30.0,60.0,
219,844.4,918.7,101,19,7,17.9,239.3,12.0,13.0,14.0,0,0,0,0,30.0,60.0,
220,671.4,-585.7,101,8,157,3.8,274.6,6.0,7.0,8.0,0,0,0,0,30.0,60.0,
221,-47.3,326.5,101,14,182,0.5,36.3,9.0,10.0,11.0,0,0,0,0,30.0,60.0,
222,-316.7,380.9,101,2,135,29.1,254.8,12.0,13.0,14.0,0,0,0,0,60.0,90.0,
223,34.0,-408.4,101,5,222,30.0,76.7,9.0,10.0,11.0,0,0,0,0,90.0,120.0,
224,-841.7,609.9,101,42,134,25.0,195.6,6.0,7.0,8.0,0,0,0,0,90.0,120.0,
225,-786.5,-769.0,101,11,247,15.1,248.3,9.0,10.0,11.0,0,0,0,0,60.0,90.0,
226,-18.2,-349.1,101,30,101,5.8,155.0,6.0,7.0,8.0,0,0,0,0,60.0,90.0,
227,-381.7,-799.6,101,15,37,24.1,258.3,12.0,13.0,14.0,0,0,0,0,60.0,90.0,
228,747.5,627.6,101,41,8,9.3,228.9,3.0,4.0,5.0,0,0,0,0,90.0,120.0,
229,375.0,-417.0,101,38,78,29.6,56.6,12.0,13.0,14.0,0,0,0,0,90.0,120.0,
230,-558.8,-118.4,101,5,266,9.6,70.5,12.0,13.0,14.0,0,0,0,0,60.0,90.0,
231,-471.8,-192.1,101,18,146,9.1,178.5,6.0,7.0,8.0,0,0,0,0,90.0,120.0,
232,-490.8,314.6,101,16,77,4.7,207.9,9.0,10.0,11.0,0,0,0,0,60.0,90.0,
233,-950.2,-270.2,101,38,329,19.9,252.3,9.0,10.0,11.0,0,0,0,0,60.0,90.0,
234,-45.2,-424.9,101,14,6,21.7,132.7,3.0,4.0,5.0,0,0,0,0,120.0,150.0,
235,863.6,-957.5,101,32,284,19.9,28.1,12.0,13.0,14.0,0,0,0,0,120.0,150.0,
236,557.7,733.7,101,5,30,24.2,187.8,6.0,7.0,8.0,0,0,0,0,90.0,120.0,
237,455.3,958.7,101,20,297,28.9,298.9,9.0,10.0,11.0,0,0,0,0,120.0,150.0,
238,189.7,822.9,101,29,262,8.4,124.6,6.0,7.0,8.0,0,0,0,0,120.0,150.0,
239,-84.0,223.9,101,13,161,11.8,295.8,6.0,7.0,8.0,0,0,0,0,120.0,150.0,
240,86.5,563.2,101,3,341,5.3,172.1,6.0,7.0,8.0,0,0,0,0,120.0,150.0,
241,857.1,770.9,101,24,121,1.6,81.4,3.0,4.0,5.0,0,0,0,0,30.0,60.0,
242,508.0,-211.2,101,21,109,1.9,347.5,9.0,10.0,11.0,0,0,0,0,30.0,60.0,
243,-575.8,-647.8,101,39,274,3.2,246.1,9.0,10.0,11.0,0,0,0,0,120.0,150.0,
244,-627.5,515.4,101,32,61,2.9,285.1,12.0,13.0,14.0,0,0,0,0,120.0,150.0,
245,382.5,-561.8,101,8,54,18.6,118.0,6.0,7.0,8.0,0,0,0,0,90.0,120.0,
246,7.0,-335.1,101,25,85,25.3,149.8,12.0,13.0,14.0,0,0,0,0,120.0,150.0,
247,375.4,-914.1,101,8,252,30.6,311.5,9.0,10.0,11.0,0,0,0,0,30.0,60.0,
248,154.4,529.4,101,15,78,29.1,28.5,6.0,7.0,8.0,0,0,0,0,30.0,60.0,
249,-682.7,-442.1,101,4,192,1.9,240.4,12.0,13.0,14.0,0,0,0,0,120.0,150.0,
250,-613.2,-554.3,101,32,74,21.9,83.5,3.0,4.0,5.0,0,0,0,0,120.0,150.0,
251,283.1,425.0,101,19,230,19.3,31.0,3.0,4.0,5.0,0,0,0,0,120.0,150.0,
252,-214.0,-694.6,101,43,180,20.9,262.2,3.0,4.0,5.0,0,0,0,0,60.0,90.0,
253,50.9,359.8,101,42,136,21.2,321.9,3.0,4.0,5.0,0,0,0,0,90.0,120.0,
254,-843.1,125.1,101,31,211,4.5,56.3,9.0,10.0,11.0,0,0,0,0,30.0,60.0,
255,-441.0,-840.4,101,22,271,4.2,205.8,3.0,4.0,5.0,0,0,0,0,90.0,120.0,
256,-414.7,560.4,101,23,259,20.7,171.8,3.0,4.0,5.0,0,0,0,0,90.0,120.0,
257,-237.4,-183.7,101,16,293,17.5,49.4,3.0,4.0,5.0,0,0,0,0,90.0,120.0,
258,792.4,-562.8,101,0,51,18.2,127.9,6.0,7.0,8.0,0,0,0,0,30.0,60.0,
259,288.8,216.2,101,13,125,16.4,215.8,6.0,7.0,8.0,0,0,0,0,60.0,90.0,
260,-658.3,586.0,101,7,143,8.3,32.1,9.0,10.0,11.0,0,0,0,0,120.0,150.0,
261,40.4,-660.3,101,32,360,11.6,168.7,6.0,7.0,8.0,0,0,0,0,90.0,120.0,
262,632.5,504.1,101,41,344,19.3,144.0,12.0,13.0,14.0,0,0,0,0,30.0,60.0,
263,-109.1,-146.1,101,27,84,1.4,4.3,9.0,10.0,11.0,0,0,0,0,90.0,120.0,
264,-872.9,57.3,101,29,287,25.6,255.9,6.0,7.0,8.0,0,0,0,0,90.0,120.0,
265,201.3,332.4,101,26,289,8.3,192.7,6.0,7.0,8.0,0,0,0,0,30.0,60.0,
266,568.9,-222.9,101,35,195,5.3,162.8,12.0,13.0,14.0,0,0,0,0,30.0,60.0,
267,-766.6,-143.2,101,4,22,16.3,149.5,3.0,4.0,5.0,0,0,0,0,30.0,60.0,
268,361.9,245.3,101,35,251,13.5,302.7,12.0,13.0,14.0,0,0,0,0,60.0,90.0,
269,190.9,-422.9,101,33,349,8.2,239.3,9.0,10.0,11.0,0,0,0,0,120.0,150.0,
270,-643.1,827.3,101,44,220,18.6,76.2,3.0,4.0,5.0,0,0,0,0,90.0,120.0,
271,24.2,593.0,101,6,191,20.6,320.3,12.0,13.0,14.0,0,0,0,0,120.0,150.0,
272,-133.8,403.2,101,34,55,17.0,346.9,3.0,4.0,5.0,0,0,0,0,60.0,90.0,
273,-84.3,-297.7,101,24,254,5.6,339.8,3.0,4.0,5.0,0,0,0,0,90.0,120.0,
274,466.0,306.0,101,34,264,12.5,323.1,6.0,7.0,8.0,0,0,0,0,60.0,90.0,
275,141.9,-389.7,101,29,103,7.9,262.0,12.0,13.0,14.0,0,0,0,0,90.0,120.0,
276,707.5,-201.9,101,23,164,26.7,141.1,12.0,13.0,14.0,0,0,0,0,30.0,60.0,
277,-32.1,-212.1,101,34,298,7.9,186.7,3.0,4.0,5.0,0,0,0,0,90.0,120.0,
278,-505.3,158.9,101,5,325,17.5,349.7,3.0,4.0,5.0,0,0,0,0,60.0,90.0,
279,874.7,514.2,101,24,193,10.2,324.5,3.0,4.0,5.0,0,0,0,0,30.0,60.0,
280,59.3,-113.0,101,39,332,7.0,8.8,3.0,4.0,5.0,0,0,0,0,60.0,90.0,
281,808.5,267.7,101,25,7,14.6,177.7,9.0,10.0,11.0,0,0,0,0,90.0,120.0,
282,-845.1,501.1,101,3,51,27.8,264.8,6.0,7.0,8.0,0,0,0,0,120.0,150.0,
283,-622.3,168.3,101,37,344,5.1,202.0,9.0,10.0,11.0,0,0,0,0,90.0,120.0,
284,-203.6,-592.9,101,13,39,29.4,212.9,9.0,10.0,11.0,0,0,0,0,90.0,120.0,
285,-702.3,565.6,101,33,102,16.5,132.6,9.0,10.0,11.0,0,0,0,0,30.0,60.0,
286,274.5,339.8,101,43,348,6.8,341.3,6.0,7.0,8.0,0,0,0,0,90.0,120.0,
287,-352.6,-863.1,101,21,26,23.5,311.2,9.0,10.0,11.0,0,0,0,0,60.0,90.0,
288,838.5,31.7,101,27,195,1.5,227.6,3.0,4.0,5.0,0,0,0,0,60.0,90.0,
289,-158.2,-319.3,101,32,149,26.7,144.5,9.0,10.0,11.0,0,0,0,0,30.0,60.0,
290,785.2,745.3,101,38,84,8.4,218.1,3.0,4.0,5.0,0,0,0,0,30.0,60.0,
291,438.1,-48.8,101,4,291,10.9,5.9,12.0,13.0,14.0,0,0,0,0,90.0,120.0,
292,524.3,-345.6,101,40,90,15.8,34.7,3.0,4.0,5.0,0,0,0,0,120.0,150.0,
293,406.2,389.8,101,4,140,7.4,231.5,3.0,4.0,5.0,0,0,0,0,30.0,60.0,
294,-200.6,-143.4,101,24,359,8.5,73.2,6.0,7.0,8.0,0,0,0,0,60.0,90.0,
295,-596.0,-230.1,101,4,109,28.8,71.7,6.0,7.0,8.0,0,0,0,0,30.0,60.0,
296,956.5,607.2,101,38,269,26.9,323.1,12.0,13.0,14.0,0,0,0,0,90.0,120.0,
297,915.0,-259.6,101,44,60,16.2,130.0,12.0,13.0,14.0,0,0,0,0,90.0,120.0,
298,-310.8,-530.2,101,44,216,26.6,135.7,3.0,4.0,5.0,0,0,0,0,90.0,120.0,
299,-282.7,-317.8,101,37,39,10.0,68.3,6.0,7.0,8.0,0,0,0,0,60.0,90.0,
300,880.5,0.7,101,2,345,6.5,166.1,9.0,10.0,11.0,0,0,0,0,30.0,60.0,
301,521.6,489.8,101,38,133,5.2,346.7,12.0,13.0,14.0,0,0,0,0,60.0,90.0,
302,232.7,914.8,101,28,67,7.7,307.5,3.0,4.0,5.0,0,0,0,0,30.0,60.0,
303,171.5,-72.8,101,5,349,5.5,184.2,3.0,4.0,5.0,0,0,0,0,120.0,150.0,
304,-570.0,580.9,101,8,142,4.2,99.7,9.0,10.0,11.0,0,0,0,0,120.0,150.0,
305,-231.8,532.3,101,11,204,18.1,0.1,12.0,13.0,14.0,0,0,0,0,120.0,150.0,
306,176.5,-109.3,101,5,322,27.9,161.6,9.0,10.0,11.0,0,0,0,0,30.0,60.0,
307,638.4,-4.1,101,15,66,21.4,77.3,12.0,13.0,14.0,0,0,0,0,60.0,90.0,
308,-872.2,360.0,101,26,150,14.0,18.4,3.0,4.0,5.0,0,0,0,0,60.0,90.0,
309,941.9,462.2,101,17,288,7.9,72.3,9.0,10.0,11.0,0,0,0,0,60.0,90.0,
310,-213.1,32.3,101,1,173,4.1,232.8,6.0,7.0,8.0,0,0,0,0,120.0,150.0,
311,-103.7,616.1,101,8,57,24.8,253.5,6.0,7.0,8.0,0,0,0,0,60.0,90.0,
312,-514.5,597.3,101,14,202,28.2,23.1,9.0,10.0,11.0,0,0,0,0,60.0,90.0,
313,498.7,-80.1,101,26,216,25.0,249.4,3.0,4.0,5.0,0,0,0,0,60.0,90.0,
314,58.4,627.4,101,9,25,20.3,230.1,6.0,7.0,8.0,0,0,0,0,30.0,60.0,
315,-438.8,-819.4,101,22,222,25.4,186.4,3.0,4.0,5.0,0,0,0,0,120.0,150.0,
316,-221.6,904.4,101,45,66,21.0,204.1,6.0,7.0,8.0,0,0,0,0,60.0,90.0,
317,696.6,-28.7,101,13,155,23.7,47.0,6.0,7.0,8.0,0,0,0,0,30.0,60.0,
318,895.3,354.9,101,39,143,11.8,170.1,3.0,4.0,5.0,0,0,0,0,90.0,120.0,
319,-79.9,-557.0,101,20,169,11.6,341.4,3.0,4.0,5.0,0,0,0,0,120.0,150.0,
320,-370.8,-181.6,101,23,136,3.6,344.3,12.0,13.0,14.0,0,0,0,0,60.0,90.0,
321,-467.8,-484.1,101,26,320,19.8,189.8,12.0,13.0,14.0,0,0,0,0,30.0,60.0,
322,460.7,875.4,101,38,273,17.4,270.0,9.0,10.0,11.0,0,0,0,0,30.0,60.0,
323,28.4,-829.4,101,5,266,18.1,180.9,6.0,7.0,8.0,0,0,0,0,90.0,120.0,
324,336.6,74.1,101,36,62,14.2,278.6,6.0,7.0,8.0,0,0,0,0,90.0,120.0,
325,-38.3,-226.0,101,0,229,4.8,306.7,3.0,4.0,5.0,0,0,0,0,60.0,90.0,
326,168.2,-397.3,101,25,194,18.6,210.2,3.0,4.0,5.0,0,0,0,0,90.0,120.0,
327,-41.9,-548.1,101,2,334,16.7,5.6,9.0,10.0,11.0,0,0,0,0,120.0,150.0,
328,780.1,954.8,101,26,28,25.0,89.8,9.0,10.0,11.0,0,0,0,0,60.0,90.0,
329,492.9,-356.9,101,37,92,4.7,106.8,12.0,13.0,14.0,0,0,0,0,30.0,60.0,
330,-888.1,407.8,101,2,290,19.9,226.9,12.0,13.0,14.0,0,0,0,0,30.0,60.0,
331,272.1,511.3,101,38,179,3.7,255.6,6.0,7.0,8.0,0,0,0,0,60.0,90.0,
332,-830.1,-200.1,101,10,94,2.7,286.0,12.0,13.0,14.0,0,0,0,0,120.0,150.0,
333,-667.1,-540.8,101,33,154,29.2,84.3,3.0,4.0,5.0,0,0,0,0,90.0,120.0,
334,-193.1,-792.8,101,42,97,29.7,241.3,9.0,10.0,11.0,0,0,0,0,60.0,90.0,
335,-798.4,-213.0,101,18,58,1.1,218.8,3.0,4.0,5.0,0,0,0,0,90.0,120.0,
336,729.2,98.7,101,32,94,17.7,261.3,9.0,10.0,11.0,0,0,0,0,120.0,150.0,
337,493.4,639.3,101,1,232,9.5,128.0,12.0,13.0,14.0,0,0,0,0,30.0,60.0,
338,-950.5,118.1,101,3,251,10.1,118.6,9.0,10.0,11.0,0,0,0,0,30.0,60.0,
339,202.8,-596.6,101,41,212,0.0,144.5,6.0,7.0,8.0,0,0,0,0,120.0,150.0,
340,-915.4,548.9,101,19,326,12.2,107.4,9.0,10.0,11.0,0,0,0,0,120.0,150.0,
341,681.7,542.1,101,19,112,14.8,338.4,3.0,4.0,5.0,0,0,0,0,120.0,150.0,
342,-847.5,166.4,101,24,350,10.6,189.5,9.0,10.0,11.0,0,0,0,0,60.0,90.0,
343,308.0,551.8,101,20,128,18.2,332.7,3.0,4.0,5.0,0,0,0,0,30.0,60.0,
344,-160.7,36.3,101,15,145,27.6,110.7,6.0,7.0,8.0,0,0,0,0,90.0,120.0,
345,-219.1,-603.0,101,12,157,8.1,86.3,3.0,4.0,5.0,0,0,0,0,30.0,60.0,
346,-875.3,-728.8,101,23,302,18.1,91.1,9.0,10.0,11.0,0,0,0,0,60.0,90.0,
347,192.0,-742.7,101,36,165,23.1,185.1,12.0,13.0,14.0,0,0,0,0,60.0,90.0,
348,289.6,401.1,101,44,231,4.0,230.6,9.0,10.0,11.0,0,0,0,0,60.0,90.0,
349,885.1,-412.5,101,13,63,5.3,77.8,12.0,13.0,14.0,0,0,0,0,60.0,90.0,
350,386.6,165.7,101,12,228,6.9,125.5,3.0,4.0,5.0,0,0,0,0,90.0,120.0,
351,-9.4,-283.6,101,1,238,22.9,170.2,9.0,10.0,11.0,0,0,0,0,60.0,90.0,
352,-431.4,867.0,101,1,58,15.9,133.2,12.0,13.0,14.0,0,0,0,0,90.0,120.0,
353,-574.5,25.9,101,43,294,20.7,3.4,9.0,10.0,11.0,0,0,0,0,120.0,150.0,
354,614.6,-822.7,101,0,349,14.8,28.1,12.0,13.0,14.0,0,0,0,0,120.0,150.0,
355,-219.5,612.2,101,24,218,4.1,103.9,12.0,13.0,14.0,0,0,0,0,30.0,60.0,
356,131.8,487.8,101,42,223,4.2,162.6,9.0,10.0,11.0,0,0,0,0,120.0,150.0,
357,-909.5,759.2,101,24,125,13.7,169.9,3.0,4.0,5.0,0,0,0,0,120.0,150.0,
358,-534.1,-284.3,101,26,249,24.7,233.7,12.0,13.0,14.0,0,0,0,0,120.0,150.0,
359,-219.8,-392.0,101,35,93,28.9,293.7,3.0,4.0,5.0,0,0,0,0,30.0,60.0,
360,-784.4,-879.0,101,31,46,20.6,303.6,12.0,13.0,14.0,0,0,0,0,90.0,120.0,
361,325.5,957.2,101,1,80,7.1,226.6,6.0,7.0,8.0,0,0,0,0,30.0,60.0,
362,453.8,-164.8,101,24,214,11.6,228.9,6.0,7.0,8.0,0,0,0,0,120.0,150.0,
363,-623.3,-507.1,101,3,360,28.2,145.8,6.0,7.0,8.0,0,0,0,0,120.0,150.0,
364,-904.6,307.2,101,8,6,27.3,153.6,9.0,10.0,11.0,0,0,0,0,30.0,60.0,
365,-789.4,-121.4,101,14,315,6.8,228.4,6.0,7.0,8.0,0,0,0,0,90.0,120.0,
366,191.6,-254.5,101,7,44,3.6,327.1,12.0,13.0,14.0,0,0,0,0,90.0,120.0,
367,-245.7,-487.9,101,18,205,27.8,50.5,3.0,4.0,5.0,0,0,0,0,90.0,120.0,
368,512.2,470.9,101,33,319,25.0,14.6,3.0,4.0,5.0,0,0,0,0,120.0,150.0,
369,-857.1,489.4,101,35,86,3.2,110.7,9.0,10.0,11.0,0,0,0,0,30.0,60.0,
370,136.2,398.5,101,35,36,3.3,123.1,3.0,4.0,5.0,0,0,0,0,90.0,120.0,
371,835.8,656.6,101,14,139,6.3,13.1,9.0,10.0,11.0,0,0,0,0,90.0,120.0,
372,-321.7,110.9,101,11,22,12.5,331.2,9.0,10.0,11.0,0,0,0,0,30.0,60.0,
373,-928.2,627.9,101,38,10,25.3,12.1,9.0,10.0,11.0,0,0,0,0,90.0,120.0,
374,207.5,429.9,101,13,187,13.7,200.9,9.0,10.0,11.0,0,0,0,0,60.0,90.0,
375,-427.9,814.4,101,37,24,20.0,178.5,6.0,7.0,8.0,0,0,0,0,30.0,60.0,
376,-618.3,146.1,101,8,239,21.8,230.1,6.0,7.0,8.0,0,0,0,0,60.0,90.0,
377,-339.3,-141.2,101,15,277,12.3,305.2,12.0,13.0,14.0,0,0,0,0,120.0,150.0,
378,-924.2,483.8,101,15,71,27.0,107.1,3.0,4.0,5.0,0,0,0,0,30.0,60.0,
379,436.7,5.0,101,20,52,27.7,204.7,12.0,13.0,14.0,0,0,0,0,30.0,60.0,
380,-959.6,49.1,101,29,88,8.9,303.9,9.0,10.0,11.0,0,0,0,0,60.0,90.0,
381,10.4,318.8,101,44,120,7.4,25.8,12.0,13.0,14.0,0,0,0,0,120.0,150.0,
382,340.0,-442.9,101,29,167,11.5,232.2,3.0,4.0,5.0,0,0,0,0,30.0,60.0,
383,520.4,451.5,101,43,211,21.6,66.5,9.0,10.0,11.0,0,0,0,0,120.0,150.0,
384,-341.9,600.2,101,38,179,30.4,264.7,6.0,7.0,8.0,0,0,0,0,90.0,120.0,
385,-68.1,387.8,101,10,315,19.9,240.4,12.0,13.0,14.0,0,0,0,0,120.0,150.0,
386,555.0,-163.8,101,15,170,17.3,14.7,12.0,13.0,14.0,0,0,0,0,30.0,60.0,
387,350.8,380.8,101,10,302,25.4,53.1,6.0,7.0,8.0,0,0,0,0,120.0,150.0,
388,633.9,122.1,101,8,82,20.3,157.6,12.0,13.0,14.0,0,0,0,0,30.0,60.0,
389,420.4,-104.7,101,39,55,6.7,267.5,6.0,7.0,8.0,0,0,0,0,90.0,120.0,
390,76.7,168.6,101,29,263,29.3,241.3,12.0,13.0,14.0,0,0,0,0,120.0,150.0,
391,672.8,156.1,101,2,315,3.2,6.9,12.0,13.0,14.0,0,0,0,0,120.0,150.0,
392,-357.4,-404.7,101,42,193,20.6,158.0,3.0,4.0,5.0,0,0,0,0,30.0,60.0,
393,660.0,-98.4,101,40,198,13.6,76.3,6.0,7.0,8.0,0,0,0,0,30.0,60.0,
394,13.0,559.7,101,45,177,17.1,104.5,3.0,4.0,5.0,0,0,0,0,120.0,150.0,
395,635.4,-541.2,101,16,81,25.6,42.2,12.0,13.0,14.0,0,0,0,0,120.0,150.0,
396,-430.1,-356.0,101,29,17,17.8,183.7,3.0,4.0,5.0,0,0,0,0,60.0,90.0,
397,-446.5,95.3,101,27,234,30.3,91.3,12.0,13.0,14.0,0,0,0,0,90.0,120.0,
398,-658.7,-942.6,101,31,314,28.3,94.6,6.0,7.0,8.0,0,0,0,0,90.0,120.0,
399,-39.2,103.1,101,17,187,14.2,359.3,9.0,10.0,11.0,0,0,0,0,30.0,60.0,
400,955.2,-904.5,101,43,340,8.6,65.1,9.0,10.0,11.0,0,0,0,0,90.0,120.0,
401,-139.8,-281.8,101,21,158,13.4,65.2,12.0,13.0,14.0,0,0,0,0,120.0,150.0,
402,-227.7,-796.8,101,30,220,27.2,97.3,6.0,7.0,8.0,0,0,0,0,60.0,90.0,
403,-416.8,-857.9,101,34,352,1.3,293.6,12.0,13.0,14.0,0,0,0,0,90.0,120.0,
404,955.4,-645.1,101,44,62,5.7,33.4,9.0,10.0,11.0,0,0,0,0,120.0,150.0,
405,546.1,-150.5,101,21,314,9.2,54.0,12.0,13.0,14.0,0,0,0,0,60.0,90.0,
406,-748.2,354.3,101,25,343,9.9,232.3,12.0,13.0,14.0,0,0,0,0,90.0,120.0,
407,-458.7,400.1,101,26,266,23.5,296.4,12.0,13.0,14.0,0,0,0,0,120.0,150.0,
408,625.5,-217.2,101,8,156,29.9,288.1,12.0,13.0,14.0,0,0,0,0,60.0,90.0,
409,70.3,641.5,101,35,295,6.9,260.3,9.0,10.0,11.0,0,0,0,0,60.0,90.0,
410,-614.1,-28.9,101,7,107,21.1,335.5,12.0,13.0,14.0,0,0,0,0,120.0,150.0,
411,611.6,-782.2,101,27,220,22.1,332.2,6.0,7.0,8.0,0,0,0,0,60.0,90.0,
412,922.8,-153.3,101,36,169,1.4,359.8,12.0,13.0,14.0,0,0,0,0,120.0,150.0,
413,-461.1,-18.2,101,18,337,10.9,43.4,6.0,7.0,8.0,0,0,0,0,120.0,150.0,
414,-326.7,-832.4,101,34,232,11.7,147.9,6.0,7.0,8.0,0,0,0,0,120.0,150.0,
415,181.6,667.4,101,44,232,22.5,38.1,6.0,7.0,8.0,0,0,0,0,120.0,150.0,
416,747.5,673.5,101,45,176,29.3,133.8,6.0,7.0,8.0,0,0,0,0,60.0,90.0,
417,-551.6,-200.1,101,3,283,8.3,345.4,3.0,4.0,5.0,0,0,0,0,90.0,120.0,
418,-883.3,-783.5,101,4,178,13.0,271.0,12.0,13.0,14.0,0,0,0,0,90.0,120.0,
419,-328.9,869.8,101,31,327,28.5,339.7,9.0,10.0,11.0,0,0,0,0,30.0,60.0,
420,-435.1,509.7,101,25,114,19.6,194.2,12.0,13.0,14.0,0,0,0,0,120.0,150.0,
421,-674.7,-211.0,101,14,183,24.4,28.3,6.0,7.0,8.0,0,0,0,0,60.0,90.0,
422,313.9,674.8,101,18,65,1.1,215.8,3.0,4.0,5.0,0,0,0,0,60.0,90.0,
423,451.5,395.6,101,8,65,8.6,186.2,3.0,4.0,5.0,0,0,0,0,120.0,150.0,
424,857.9,-490.0,101,44,229,24.2,40.2,6.0,7.0,8.0,0,0,0,0,30.0,60.0,
425,-643.8,130.0,101,21,229,11.2,213.8,3.0,4.0,5.0,0,0,0,0,120.0,150.0,
426,547.6,200.2,101,10,280,4.9,205.8,6.0,7.0,8.0,0,0,0,0,30.0,60.0,
427,-59.9,480.5,101,11,295,28.5,119.9,6.0,7.0,8.0,0,0,0,0,90.0,120.0,
428,-931.0,836.2,101,1,332,2.1,184.5,9.0,10.0,11.0,0,0,0,0,30.0,60.0,
429,-920.7,594.0,101,23,107,24.3,239.4,3.0,4.0,5.0,0,0,0,0,90.0,120.0,
430,894.6,741.1,101,21,48,16.9,264.9,6.0,7.0,8.0,0,0,0,0,60.0,90.0,
431,-580.4,-888.0,101,28,166,14.0,64.9,3.0,4.0,5.0,0,0,0,0,60.0,90.0,
432,-21.8,-874.2,101,23,232,14.7,272.5,3.0,4.0,5.0,0,0,0,0,120.0,150.0,
433,-314.8,763.2,101,43,2,23.7,208.1,9.0,10.0,11.0,0,0,0,0,60.0,90.0,
434,-11.1,487.4,101,28,128,28.3,351.4,6.0,7.0,8.0,0,0,0,0,90.0,120.0,
435,105.1,15.1,101,22,65,22.3,349.8,9.0,10.0,11.0,0,0,0,0,30.0,60.0,
436,-35.8,161.5,101,22,293,8.6,230.8,12.0,13.0,14.0,0,0,0,0,90.0,120.0,
437,817.0,-605.4,101,27,18,28.2,207.4,3.0,4.0,5.0,0,0,0,0,90.0,120.0,
438,-519.1,225.4,101,35,21,5.4,5.0,12.0,13.0,14.0,0,0,0,0,30.0,60.0,
439,931.0,401.4,101,26,72,4.8,53.2,3.0,4.0,5.0,0,0,0,0,120.0,150.0,
440,500.2,-383.0,101,20,130,4.5,129.5,6.0,7.0,8.0,0,0,0,0,30.0,60.0,
441,-60.2,502.3,101,23,192,3.7,332.7,6.0,7.0,8.0,0,0,0,0,60.0,90.0,
442,87.0,341.7,101,26,198,29.0,291.2,9.0,10.0,11.0,0,0,0,0,30.0,60.0,
443,-39.7,-457.3,101,10,23,10.8,60.3,9.0,10.0,11.0,0,0,0,0,90.0,120.0,
444,-89.5,776.4,101,13,66,28.6,3.2,6.0,7.0,8.0,0,0,0,0,60.0,90.0,
445,505.6,603.4,101,39,208,7.2,329.2,6.0,7.0,8.0,0,0,0,0,90.0,120.0,
446,-355.7,434.2,101,34,293,7.2,226.9,12.0,13.0,14.0,0,0,0,0,120.0,150.0,
447,462.7,385.1,101,5,200,16.1,221.3,12.0,13.0,14.0,0,0,0,0,120.0,150.0,
448,-231.0,823.7,101,42,133,30.2,42.0,12.0,13.0,14.0,0,0,0,0,60.0,90.0,
449,83.8,39.2,101,4,357,24.6,72.8,3.0,4.0,5.0,0,0,0,0,60.0,90.0,
450,-291.4,-31.6,101,37,252,28.8,70.6,6.0,7.0,8.0,0,0,0,0,30.0,60.0,
451,-362.7,-714.4,101,45,103,8.7,202.1,12.0,13.0,14.0,0,0,0,0,30.0,60.0,
452,-855.2,-915.0,101,9,108,22.2,175.2,12.0,13.0,14.0,0,0,0,0,120.0,150.0,
453,-422.6,808.7,101,44,184,19.5,98.3,3.0,4.0,5.0,0,0,0,0,120.0,150.0,
454,-559.3,284.2,101,32,178,15.4,102.9,9.0,10.0,11.0,0,0,0,0,60.0,90.0,
455,-50.7,409.7,101,16,102,2.4,302.5,9.0,10.0,11.0,0,0,0,0,60.0,90.0,
456,-226.3,-228.5,101,27,320,13.1,195.3,6.0,7.0,8.0,0,0,0,0,30.0,60.0,
457,596.3,321.3,101,15,217,5.6,99.8,3.0,4.0,5.0,0,0,0,0,60.0,90.0,
458,-214.7,-186.2,101,25,264,29.7,157.9,6.0,7.0,8.0,0,0,0,0,120.0,150.0,
459,720.9,92.1,101,24,358,2.1,325.1,9.0,10.0,11.0,0,0,0,0,90.0,120.0,
460,860.1,-598.8,101,42,236,10.4,281.0,9.0,10.0,11.0,0,0,0,0,120.0,150.0,
461,211.3,116.6,101,27,282,25.2,207.0,6.0,7.0,8.0,0,0,0,0,120.0,150.0,
462,566.5,-818.4,101,35,73,26.6,223.8,9.0,10.0,11.0,0,0,0,0,90.0,120.0,
463,191.9,-204.9,101,23,332,15.2,40.5,6.0,7.0,8.0,0,0,0,0,30.0,60.0,
464,-408.1,7.9,101,6,227,28.1,292.7,9.0,10.0,11.0,0,0,0,0,30.0,60.0,
465,463.2,-838.5,101,19,273,23.0,272.5,3.0,4.0,5.0,0,0,0,0,60.0,90.0,
466,806.4,27.8,101,28,294,23.3,134.0,3.0,4.0,5.0,0,0,0,0,90.0,120.0,
467,0.4,944.8,101,9,186,10.8,181.1,3.0,4.0,5.0,0,0,0,0,60.0,90.0,
468,899.8,-656.3,101,24,197,3.7,93.4,12.0,13.0,14.0,0,0,0,0,30.0,60.0,
469,-771.9,828.9,101,34,351,6.9,312.2,9.0,10.0,11.0,0,0,0,0,120.0,150.0,
470,-833.7,72.9,101,19,265,7.3,276.8,3.0,4.0,5.0,0,0,0,0,120.0,150.0,
471,-148.7,316.0,101,7,200,18.7,52.1,9.0,10.0,11.0,0,0,0,0,30.0,60.0,
472,834.3,321.6,101,10,330,13.4,80.1,6.0,7.0,8.0,0,0,0,0,90.0,120.0,
473,-186.9,-69.6,101,1,82,8.4,356.9,12.0,13.0,14.0,0,0,0,0,90.0,120.0,
474,-728.6,-657.5,101,28,321,27.7,18.4,3.0,4.0,5.0,0,0,0,0,60.0,90.0,
475,652.9,-47.6,101,39,241,4.7,140.7,9.0,10.0,11.0,0,0,0,0,120.0,150.0,
476,-656.4,719.9,101,3,120,29.3,355.2,9.0,10.0,11.0,0,0,0,0,30.0,60.0,
477,681.3,98.5,101,15,343,13.7,353.3,3.0,4.0,5.0,0,0,0,0,60.0,90.0,
478,674.3,150.9,101,9,258,24.4,346.1,6.0,7.0,8.0,0,0,0,0,90.0,120.0,
479,480.1,-827.9,101,21,107,25.8,332.3,6.0,7.0,8.0,0,0,0,0,30.0,60.0,
480,186.3,675.8,101,6,296,26.2,200.1,6.0,7.0,8.0,0,0,0,0,120.0,150.0,
481,-330.6,190.5,101,20,149,4.4,296.7,6.0,7.0,8.0,0,0,0,0,60.0,90.0,
482,-912.7,-621.4,101,41,20,4.9,192.4,12.0,13.0,14.0,0,0,0,0,120.0,150.0,
483,-442.1,-638.9,101,44,99,25.5,240.9,9.0,10.0,11.0,0,0,0,0,90.0,120.0,
484,-168.7,172.0,101,40,205,16.9,126.3,12.0,13.0,14.0,0,0,0,0,60.0,90.0,
485,839.9,246.8,101,30,262,12.7,297.0,3.0,4.0,5.0,0,0,0,0,60.0,90.0,
486,-896.8,299.8,101,5,316,7.7,94.6,3.0,4.0,5.0,0,0,0,0,30.0,60.0,
487,901.3,-514.2,101,9,246,11.2,299.8,6.0,7.0,8.0,0,0,0,0,60.0,90.0,
488,374.9,383.2,101,11,293,16.6,246.5,9.0,10.0,11.0,0,0,0,0,30.0,60.0,
489,126.9,-333.6,101,18,270,21.3,40.8,3.0,4.0,5.0,0,0,0,0,120.0,150.0,
490,488.3,-290.0,101,26,124,9.6,143.3,9.0,10.0,11.0,0,0,0,0,30.0,60.0,
491,590.1,655.2,101,22,256,2.8,275.8,3.0,4.0,5.0,0,0,0,0,60.0,90.0,
492,36.4,-808.3,101,16,21,28.0,226.9,3.0,4.0,5.0,0,0,0,0,60.0,90.0,
493,702.1,744.4,101,39,281,30.4,327.6,3.0,4.0,5.0,0,0,0,0,90.0,120.0,
494,498.0,-701.0,101,35,80,13.5,269.8,3.0,4.0,5.0,0,0,0,0,30.0,60.0,
495,134.8,121.8,101,20,339,5.5,307.3,12.0,13.0,14.0,0,0,0,0,30.0,60.0,
496,684.7,925.6,101,1,170,3.9,99.4,12.0,13.0,14.0,0,0,0,0,90.0,120.0,
497,-221.1,-865.3,101,10,298,18.5,52.9,3.0,4.0,5.0,0,0,0,0,60.0,90.0,
498,927.9,-765.2,101,13,79,10.3,138.6,9.0,10.0,11.0,0,0,0,0,60.0,90.0,
499,1.0,176.8,101,24,341,25.8,286.5,6.0,7.0,8.0,0,0,0,0,30.0,60.0,
