run,xign,yign,fuel,slp,asp,ws,wd,m1,m10,m100,cc,ch,cbh,cbd,lhc,lwc,firearea
0,616.6,179.3,104,24,56,17.0,302.5,6.0,7.0,8.0,0,0,0,0,90.0,120.0,1464.7
1,942.4,-750.1,146,45,210,28.0,343.9,6.0,7.0,8.0,0,0,0,0,30.0,60.0,431.9
2,-622.7,-747.6,185,37,26,23.7,97.3,9.0,10.0,11.0,0,0,0,0,60.0,90.0,197.5
3,-749.7,-337.2,164,26,316,25.0,160.9,12.0,13.0,14.0,0,0,0,0,120.0,150.0,0.2
4,-559.4,-752.4,107,32,109,29.5,273.2,6.0,7.0,8.0,0,0,0,0,60.0,90.0,3406.4
5,-214.9,704.7,149,44,337,16.7,52.0,6.0,7.0,8.0,0,0,0,0,60.0,90.0,2298.4
6,61.0,-820.8,164,5,272,9.6,205.1,9.0,10.0,11.0,0,0,0,0,90.0,120.0,1865.0
7,918.0,270.2,203,44,115,14.2,203.7,9.0,10.0,11.0,0,0,0,0,120.0,150.0,963.0
8,-132.7,-395.7,145,18,64,10.0,205.7,9.0,10.0,11.0,0,0,0,0,60.0,90.0,3410.6
9,-58.1,-114.8,148,40,278,24.0,142.9,12.0,13.0,14.0,0,0,0,0,30.0,60.0,1053.7
10,424.4,-370.0,122,14,109,23.9,238.9,12.0,13.0,14.0,0,0,0,0,120.0,150.0,383.4
11,-27.3,-293.5,123,28,354,25.6,281.2,9.0,10.0,11.0,0,0,0,0,30.0,60.0,1766.9
12,-146.5,182.4,143,40,141,27.5,293.6,6.0,7.0,8.0,0,0,0,0,60.0,90.0,359.6
13,-104.1,-605.7,163,36,348,1.3,275.7,3.0,4.0,5.0,0,0,0,0,120.0,150.0,1036.8
14,-824.4,163.5,201,22,329,20.2,52.8,6.0,7.0,8.0,0,0,0,0,120.0,150.0,417.9
15,-37.9,336.6,121,5,80,2.9,36.5,6.0,7.0,8.0,0,0,0,0,60.0,90.0,1712.9
16,-840.1,942.5,146,7,29,11.7,1.7,3.0,4.0,5.0,0,0,0,0,30.0,60.0,3284.8
17,488.0,-66.9,189,30,328,16.1,179.4,3.0,4.0,5.0,0,0,0,0,120.0,150.0,1430.4
18,749.2,578.3,101,12,214,3.6,96.7,9.0,10.0,11.0,0,0,0,0,90.0,120.0,509.3
19,725.0,399.8,202,33,211,14.2,66.4,9.0,10.0,11.0,0,0,0,0,60.0,90.0,1946.6
20,-123.7,923.8,201,3,78,18.3,164.1,12.0,13.0,14.0,0,0,0,0,60.0,90.0,244.6
21,671.6,807.6,183,27,26,5.7,258.5,9.0,10.0,11.0,0,0,0,0,90.0,120.0,133.2
22,354.8,-774.1,107,45,22,12.8,326.5,3.0,4.0,5.0,0,0,0,0,30.0,60.0,2765.9
23,534.9,400.9,121,16,314,14.3,347.3,9.0,10.0,11.0,0,0,0,0,60.0,90.0,1050.4
24,-742.4,-922.4,181,12,87,11.1,215.4,6.0,7.0,8.0,0,0,0,0,30.0,60.0,63.6
25,-420.7,249.3,185,42,254,8.4,118.0,12.0,13.0,14.0,0,0,0,0,60.0,90.0,625.8
26,-751.8,950.7,161,19,204,26.4,139.4,3.0,4.0,5.0,0,0,0,0,30.0,60.0,197.5
27,-874.4,823.3,165,39,147,16.3,322.3,3.0,4.0,5.0,0,0,0,0,60.0,90.0,1376.0
28,-890.2,-931.6,164,28,331,6.4,291.5,12.0,13.0,14.0,0,0,0,0,30.0,60.0,0.2
29,895.5,212.7,203,10,82,19.2,187.2,9.0,10.0,11.0,0,0,0,0,60.0,90.0,1044.8
30,-571.8,18.0,204,15,89,1.2,255.3,3.0,4.0,5.0,0,0,0,0,30.0,60.0,3419.5
31,-122.2,-907.0,149,44,343,5.5,247.6,6.0,7.0,8.0,0,0,0,0,30.0,60.0,1898.6
32,-890.2,-722.8,163,45,120,23.1,253.8,9.0,10.0,11.0,0,0,0,0,120.0,150.0,998.8
33,749.1,-646.1,144,2,191,30.6,216.2,9.0,10.0,11.0,0,0,0,0,60.0,90.0,1234.7
34,472.5,-326.5,101,20,328,25.9,341.4,3.0,4.0,5.0,0,0,0,0,30.0,60.0,2347.2
35,287.2,-595.5,142,20,216,11.3,55.1,9.0,10.0,11.0,0,0,0,0,90.0,120.0,204.4
36,316.1,323.5,204,8,49,1.1,329.2,3.0,4.0,5.0,0,0,0,0,120.0,150.0,3419.5
37,847.8,-594.5,105,19,342,15.2,60.0,12.0,13.0,14.0,0,0,0,0,90.0,120.0,1799.6
38,659.5,624.0,124,4,267,11.2,93.2,6.0,7.0,8.0,0,0,0,0,120.0,150.0,827.5
39,196.5,386.3,122,44,217,13.9,10.8,3.0,4.0,5.0,0,0,0,0,60.0,90.0,1932.6
40,906.8,-446.3,123,9,26,21.4,67.2,3.0,4.0,5.0,0,0,0,0,60.0,90.0,1628.8
41,887.2,-951.1,102,44,206,20.4,193.9,6.0,7.0,8.0,0,0,0,0,30.0,60.0,2197.0
42,649.7,-570.7,103,32,274,9.7,309.3,3.0,4.0,5.0,0,0,0,0,30.0,60.0,3043.2
43,475.6,15.5,182,3,80,18.3,355.3,12.0,13.0,14.0,0,0,0,0,120.0,150.0,151.2
44,897.3,781.6,145,3,266,9.8,337.2,9.0,10.0,11.0,0,0,0,0,30.0,60.0,3415.3
45,-104.0,-226.3,123,6,177,20.5,50.2,3.0,4.0,5.0,0,0,0,0,90.0,120.0,610.0
46,936.0,727.7,185,6,24,13.2,88.3,6.0,7.0,8.0,0,0,0,0,30.0,60.0,1288.1
47,555.8,-49.2,203,1,335,12.0,64.9,3.0,4.0,5.0,0,0,0,0,30.0,60.0,3339.7
48,884.3,288.4,204,13,4,22.4,41.7,12.0,13.0,14.0,0,0,0,0,30.0,60.0,2457.7
49,-562.1,-32.7,185,42,360,3.1,240.2,12.0,13.0,14.0,0,0,0,0,90.0,120.0,484.2
50,692.4,604.7,147,10,171,23.1,246.8,6.0,7.0,8.0,0,0,0,0,60.0,90.0,958.5
51,684.8,-83.1,185,33,58,13.4,182.1,3.0,4.0,5.0,0,0,0,0,120.0,150.0,1361.3
52,423.8,388.8,147,14,110,7.6,82.5,12.0,13.0,14.0,0,0,0,0,90.0,120.0,1889.9
53,558.6,448.9,188,21,15,15.6,346.1,9.0,10.0,11.0,0,0,0,0,120.0,150.0,947.0
54,-1.4,873.2,103,35,154,30.9,107.8,9.0,10.0,11.0,0,0,0,0,90.0,120.0,854.0
55,-448.0,436.4,204,34,121,2.8,35.1,3.0,4.0,5.0,0,0,0,0,120.0,150.0,3401.7
56,-227.3,122.2,203,37,148,15.6,149.8,6.0,7.0,8.0,0,0,0,0,60.0,90.0,1024.6
57,-12.7,924.4,142,13,202,18.5,59.3,12.0,13.0,14.0,0,0,0,0,30.0,60.0,364.5
58,-255.3,-475.2,122,16,80,17.2,168.0,6.0,7.0,8.0,0,0,0,0,30.0,60.0,2224.6
59,-824.6,261.1,146,30,235,15.7,245.4,3.0,4.0,5.0,0,0,0,0,90.0,120.0,1291.7
60,195.0,-687.1,104,20,93,11.8,109.7,3.0,4.0,5.0,0,0,0,0,90.0,120.0,2859.3
61,409.8,-300.4,202,4,299,17.9,209.4,12.0,13.0,14.0,0,0,0,0,60.0,90.0,1091.5
62,801.6,-506.3,149,26,123,7.3,188.4,9.0,10.0,11.0,0,0,0,0,60.0,90.0,3417.5
63,210.4,707.1,123,13,174,23.3,62.8,9.0,10.0,11.0,0,0,0,0,90.0,120.0,640.3
64,478.6,-719.3,148,40,243,0.8,149.4,12.0,13.0,14.0,0,0,0,0,30.0,60.0,1854.3
65,305.8,662.6,183,16,352,27.6,278.9,6.0,7.0,8.0,0,0,0,0,30.0,60.0,186.1
66,63.5,453.6,142,15,62,29.5,144.1,3.0,4.0,5.0,0,0,0,0,90.0,120.0,403.4
67,85.3,-72.3,109,28,67,7.0,170.9,3.0,4.0,5.0,0,0,0,0,120.0,150.0,1182.2
68,353.8,-550.1,165,29,300,4.9,218.8,3.0,4.0,5.0,0,0,0,0,120.0,150.0,1017.7
69,863.3,35.1,185,9,76,9.8,74.6,3.0,4.0,5.0,0,0,0,0,60.0,90.0,1726.2
70,-934.8,329.2,162,0,312,16.8,74.5,6.0,7.0,8.0,0,0,0,0,60.0,90.0,569.6
71,-22.6,-751.3,164,28,90,23.2,32.4,9.0,10.0,11.0,0,0,0,0,60.0,90.0,461.7
72,612.4,-706.2,201,39,263,30.3,243.1,12.0,13.0,14.0,0,0,0,0,90.0,120.0,382.3
73,-465.1,-87.9,109,0,335,9.4,289.9,9.0,10.0,11.0,0,0,0,0,30.0,60.0,0.9
74,797.6,-130.0,165,10,233,8.6,20.1,3.0,4.0,5.0,0,0,0,0,30.0,60.0,2179.5
75,-804.3,-446.3,181,9,350,2.1,49.0,3.0,4.0,5.0,0,0,0,0,90.0,120.0,42.0
76,-502.5,890.6,161,39,336,12.1,132.2,12.0,13.0,14.0,0,0,0,0,30.0,60.0,752.1
77,82.1,-383.5,182,33,300,15.5,233.3,12.0,13.0,14.0,0,0,0,0,120.0,150.0,147.7
78,416.0,-636.6,163,12,102,27.0,148.8,6.0,7.0,8.0,0,0,0,0,30.0,60.0,2362.1
79,152.1,866.1,181,36,135,28.0,232.2,6.0,7.0,8.0,0,0,0,0,60.0,90.0,113.0
80,835.5,-741.5,161,18,278,11.9,99.6,6.0,7.0,8.0,0,0,0,0,30.0,60.0,1211.2
81,-436.6,14.6,188,36,348,24.1,0.4,9.0,10.0,11.0,0,0,0,0,90.0,120.0,488.4
82,-841.1,940.4,161,26,269,8.9,291.5,9.0,10.0,11.0,0,0,0,0,60.0,90.0,465.0
83,-769.7,-762.5,163,24,345,1.7,13.3,12.0,13.0,14.0,0,0,0,0,120.0,150.0,548.0
84,-378.3,-770.8,201,15,149,3.5,336.9,6.0,7.0,8.0,0,0,0,0,30.0,60.0,538.0
85,-650.7,-348.9,202,35,186,25.7,270.6,9.0,10.0,11.0,0,0,0,0,60.0,90.0,1105.3
86,-407.3,959.6,109,9,211,23.9,161.2,3.0,4.0,5.0,0,0,0,0,60.0,90.0,3419.5
87,-575.3,387.9,181,27,11,21.4,227.8,3.0,4.0,5.0,0,0,0,0,30.0,60.0,169.2
88,8.1,580.1,147,32,153,4.5,319.7,12.0,13.0,14.0,0,0,0,0,90.0,120.0,1250.7
89,840.3,744.1,185,7,206,7.8,178.1,6.0,7.0,8.0,0,0,0,0,90.0,120.0,520.4
90,799.0,104.4,182,26,138,29.1,89.9,3.0,4.0,5.0,0,0,0,0,30.0,60.0,380.1
91,-118.0,-275.7,161,10,84,11.3,193.2,6.0,7.0,8.0,0,0,0,0,90.0,120.0,61.4
92,634.9,-347.1,145,25,5,4.4,328.6,9.0,10.0,11.0,0,0,0,0,60.0,90.0,3404.0
93,-343.7,165.0,163,7,323,7.4,345.0,3.0,4.0,5.0,0,0,0,0,60.0,90.0,3285.9
94,457.9,-879.1,106,41,187,8.0,44.2,12.0,13.0,14.0,0,0,0,0,30.0,60.0,3419.5
95,918.3,-367.8,145,41,346,10.7,50.2,9.0,10.0,11.0,0,0,0,0,30.0,60.0,1682.4
96,720.2,-891.2,108,11,230,11.3,189.4,12.0,13.0,14.0,0,0,0,0,90.0,120.0,3114.6
97,780.4,288.0,104,32,274,30.8,307.7,12.0,13.0,14.0,0,0,0,0,30.0,60.0,2030.2
98,-385.7,-713.9,164,5,91,27.7,283.2,12.0,13.0,14.0,0,0,0,0,60.0,90.0,0.2
99,-35.7,-512.9,107,33,196,24.8,45.6,12.0,13.0,14.0,0,0,0,0,60.0,90.0,1829.2
100,916.9,-744.4,203,20,290,16.2,229.1,6.0,7.0,8.0,0,0,0,0,90.0,120.0,1307.0
101,331.1,225.5,202,12,172,3.8,204.5,9.0,10.0,11.0,0,0,0,0,30.0,60.0,1736.9
102,-95.2,-543.4,164,27,233,7.3,357.9,9.0,10.0,11.0,0,0,0,0,30.0,60.0,1731.6
103,-15.7,691.8,121,37,13,16.1,212.2,6.0,7.0,8.0,0,0,0,0,120.0,150.0,16.5
104,381.5,435.0,183,21,201,26.4,122.7,12.0,13.0,14.0,0,0,0,0,90.0,120.0,241.1
105,-882.2,261.4,104,3,184,23.3,162.5,12.0,13.0,14.0,0,0,0,0,120.0,150.0,87.4
106,-869.2,-289.7,184,18,193,30.3,265.4,9.0,10.0,11.0,0,0,0,0,30.0,60.0,418.8
107,-778.2,-540.6,145,26,174,0.8,198.7,6.0,7.0,8.0,0,0,0,0,60.0,90.0,3419.5
108,95.1,231.8,105,0,222,28.2,18.6,6.0,7.0,8.0,0,0,0,0,30.0,60.0,3059.3
109,-301.9,712.0,141,29,246,3.2,166.4,12.0,13.0,14.0,0,0,0,0,120.0,150.0,26.9
110,-215.9,187.8,146,13,70,0.0,97.0,12.0,13.0,14.0,0,0,0,0,120.0,150.0,1708.9
111,-729.2,-284.1,145,4,190,8.1,137.3,9.0,10.0,11.0,0,0,0,0,60.0,90.0,3330.6
112,-730.9,512.3,201,9,161,11.3,108.4,3.0,4.0,5.0,0,0,0,0,90.0,120.0,722.6
113,-484.9,127.2,145,2,46,22.4,27.9,12.0,13.0,14.0,0,0,0,0,30.0,60.0,1771.1
114,-138.5,235.9,121,34,32,23.4,126.9,3.0,4.0,5.0,0,0,0,0,60.0,90.0,712.3
115,222.8,872.4,141,24,149,21.8,234.7,12.0,13.0,14.0,0,0,0,0,90.0,120.0,105.6
116,369.0,-844.4,101,34,94,16.6,318.3,9.0,10.0,11.0,0,0,0,0,30.0,60.0,1561.7
117,-725.0,-562.3,105,41,223,1.3,29.5,3.0,4.0,5.0,0,0,0,0,30.0,60.0,3419.5
118,703.4,-449.8,107,22,173,30.4,120.1,6.0,7.0,8.0,0,0,0,0,90.0,120.0,3287.4
119,-551.3,449.9,162,40,234,21.1,211.4,3.0,4.0,5.0,0,0,0,0,120.0,150.0,759.9
120,-547.9,-275.5,181,16,281,14.2,282.5,9.0,10.0,11.0,0,0,0,0,90.0,120.0,76.7
121,-410.8,-538.8,186,40,67,2.9,193.8,9.0,10.0,11.0,0,0,0,0,120.0,150.0,508.6
122,660.3,557.9,185,28,268,0.3,194.8,3.0,4.0,5.0,0,0,0,0,60.0,90.0,698.8
123,710.9,-886.7,188,26,245,27.6,269.3,6.0,7.0,8.0,0,0,0,0,120.0,150.0,261.3
124,838.6,-558.8,147,7,353,1.9,137.7,9.0,10.0,11.0,0,0,0,0,120.0,150.0,3396.6
125,-153.3,318.2,146,21,188,25.2,228.2,3.0,4.0,5.0,0,0,0,0,60.0,90.0,1201.4
126,132.4,-15.2,103,34,7,10.2,102.1,12.0,13.0,14.0,0,0,0,0,90.0,120.0,1913.3
127,-532.5,-25.7,147,8,139,22.0,177.7,3.0,4.0,5.0,0,0,0,0,30.0,60.0,2230.8
128,347.2,-655.2,188,33,265,2.1,171.8,9.0,10.0,11.0,0,0,0,0,30.0,60.0,681.4
129,-853.9,169.0,182,16,132,15.8,45.1,9.0,10.0,11.0,0,0,0,0,60.0,90.0,141.2
130,-140.4,931.2,149,21,314,4.7,172.2,9.0,10.0,11.0,0,0,0,0,120.0,150.0,1175.1
131,336.0,-275.9,143,42,73,19.5,193.6,9.0,10.0,11.0,0,0,0,0,120.0,150.0,306.2
132,339.5,-428.5,162,8,154,20.2,5.5,6.0,7.0,8.0,0,0,0,0,30.0,60.0,739.9
133,-41.9,-180.6,106,3,136,20.5,144.0,3.0,4.0,5.0,0,0,0,0,120.0,150.0,20.5
134,2.8,-103.0,124,17,153,10.5,283.7,6.0,7.0,8.0,0,0,0,0,30.0,60.0,3401.5
135,425.4,-470.2,204,22,5,12.3,26.9,12.0,13.0,14.0,0,0,0,0,120.0,150.0,1978.2
136,-280.7,63.8,105,18,132,11.2,159.0,6.0,7.0,8.0,0,0,0,0,30.0,60.0,3419.5
137,411.7,-493.5,164,12,343,30.1,175.0,6.0,7.0,8.0,0,0,0,0,30.0,60.0,1353.3
138,752.6,-542.5,189,40,126,6.1,151.1,12.0,13.0,14.0,0,0,0,0,120.0,150.0,1084.6
139,-842.0,194.5,183,13,18,2.0,244.7,3.0,4.0,5.0,0,0,0,0,120.0,150.0,116.8
140,951.8,85.0,141,28,71,26.5,142.2,6.0,7.0,8.0,0,0,0,0,60.0,90.0,911.4
141,670.3,26.9,183,9,195,2.4,188.1,3.0,4.0,5.0,0,0,0,0,120.0,150.0,151.0
142,-482.3,721.0,188,3,352,10.5,180.9,6.0,7.0,8.0,0,0,0,0,30.0,60.0,684.3
143,-349.5,-405.3,164,5,265,20.1,302.5,6.0,7.0,8.0,0,0,0,0,120.0,150.0,1008.1
144,-826.3,404.9,188,30,16,26.4,3.6,9.0,10.0,11.0,0,0,0,0,30.0,60.0,606.5
145,-189.4,-617.5,204,16,256,13.3,284.3,12.0,13.0,14.0,0,0,0,0,120.0,150.0,2287.1
146,17.7,-785.0,184,32,261,11.0,181.4,12.0,13.0,14.0,0,0,0,0,90.0,120.0,381.2
147,246.2,-221.3,121,43,217,18.7,311.1,6.0,7.0,8.0,0,0,0,0,90.0,120.0,554.2
148,-514.2,640.9,144,45,108,7.3,286.5,6.0,7.0,8.0,0,0,0,0,30.0,60.0,2116.3
149,-230.6,408.3,183,10,98,2.6,297.6,9.0,10.0,11.0,0,0,0,0,60.0,90.0,37.6
150,431.7,-346.6,183,3,135,5.3,161.0,9.0,10.0,11.0,0,0,0,0,60.0,90.0,94.3
151,823.6,-107.3,142,42,232,11.6,127.0,9.0,10.0,11.0,0,0,0,0,30.0,60.0,382.7
152,-329.6,161.6,146,0,62,27.3,195.2,9.0,10.0,11.0,0,0,0,0,60.0,90.0,1104.0
153,-400.2,464.6,124,43,294,26.0,276.0,9.0,10.0,11.0,0,0,0,0,60.0,90.0,2055.6
154,45.1,-176.9,147,0,202,6.5,193.6,3.0,4.0,5.0,0,0,0,0,120.0,150.0,3163.3
155,368.2,425.5,109,26,47,30.3,145.8,12.0,13.0,14.0,0,0,0,0,90.0,120.0,2907.8
156,274.7,-709.5,188,17,64,18.3,126.3,6.0,7.0,8.0,0,0,0,0,60.0,90.0,1136.7
157,-914.9,-903.1,122,13,127,24.3,275.7,9.0,10.0,11.0,0,0,0,0,60.0,90.0,1297.0
158,-877.7,-266.0,101,14,63,29.6,216.0,12.0,13.0,14.0,0,0,0,0,30.0,60.0,2331.8
159,-657.9,734.9,102,19,193,2.5,163.8,12.0,13.0,14.0,0,0,0,0,60.0,90.0,2015.3
160,284.7,454.0,202,25,26,26.4,243.7,12.0,13.0,14.0,0,0,0,0,60.0,90.0,566.4
161,329.2,-639.6,146,12,150,5.8,105.0,3.0,4.0,5.0,0,0,0,0,60.0,90.0,3419.5
162,78.9,62.2,161,8,60,4.8,238.3,12.0,13.0,14.0,0,0,0,0,90.0,120.0,14.2
163,-311.9,-940.7,147,28,236,10.2,275.7,9.0,10.0,11.0,0,0,0,0,120.0,150.0,1345.0
164,820.0,-66.0,101,40,143,9.8,297.1,3.0,4.0,5.0,0,0,0,0,60.0,90.0,2273.1
165,616.5,-26.7,163,24,291,20.4,342.2,3.0,4.0,5.0,0,0,0,0,60.0,90.0,933.8
166,-380.6,-798.1,102,36,164,11.7,311.2,9.0,10.0,11.0,0,0,0,0,60.0,90.0,3408.9
167,270.8,923.8,161,4,234,15.7,166.9,9.0,10.0,11.0,0,0,0,0,60.0,90.0,175.9
168,945.9,116.5,141,44,300,4.5,182.4,12.0,13.0,14.0,0,0,0,0,30.0,60.0,213.5
169,-291.0,-20.0,122,2,317,20.3,62.0,12.0,13.0,14.0,0,0,0,0,120.0,150.0,401.9
170,-198.8,-949.6,108,3,254,20.6,181.8,3.0,4.0,5.0,0,0,0,0,90.0,120.0,2860.9
171,560.9,875.0,145,31,5,19.4,101.2,3.0,4.0,5.0,0,0,0,0,60.0,90.0,2373.6
172,62.0,406.1,141,32,170,9.6,270.3,6.0,7.0,8.0,0,0,0,0,30.0,60.0,636.5
173,543.5,959.7,164,6,276,9.7,268.0,3.0,4.0,5.0,0,0,0,0,90.0,120.0,1110.9
174,131.8,-867.0,165,19,113,16.5,163.6,9.0,10.0,11.0,0,0,0,0,90.0,120.0,1208.3
175,-221.8,-230.2,188,25,40,20.1,39.1,6.0,7.0,8.0,0,0,0,0,90.0,120.0,572.4
176,728.5,407.6,148,14,198,2.7,120.6,6.0,7.0,8.0,0,0,0,0,60.0,90.0,2957.4
177,567.7,226.0,144,35,207,17.3,41.5,9.0,10.0,11.0,0,0,0,0,30.0,60.0,3121.1
178,-53.4,-959.5,104,16,203,16.0,242.4,6.0,7.0,8.0,0,0,0,0,30.0,60.0,0.2
179,-83.4,-470.5,162,32,303,26.1,48.6,9.0,10.0,11.0,0,0,0,0,90.0,120.0,511.3
180,-216.6,-198.4,184,43,5,25.1,50.6,9.0,10.0,11.0,0,0,0,0,30.0,60.0,250.0
181,675.9,173.0,141,38,349,6.2,282.6,12.0,13.0,14.0,0,0,0,0,30.0,60.0,530.4
182,207.5,806.5,144,14,101,2.6,289.6,6.0,7.0,8.0,0,0,0,0,120.0,150.0,246.4
183,-123.7,-225.3,203,9,46,25.5,184.8,3.0,4.0,5.0,0,0,0,0,90.0,120.0,1921.3
184,-341.5,-100.7,121,17,212,3.4,90.3,12.0,13.0,14.0,0,0,0,0,60.0,90.0,306.2
185,-477.0,655.1,162,6,103,29.3,118.3,9.0,10.0,11.0,0,0,0,0,30.0,60.0,566.0
186,-625.7,738.6,165,43,173,11.1,219.2,12.0,13.0,14.0,0,0,0,0,120.0,150.0,247.7
187,-146.9,168.1,146,7,131,20.3,80.0,3.0,4.0,5.0,0,0,0,0,90.0,120.0,885.1
188,-956.4,-915.8,148,1,69,26.2,205.4,12.0,13.0,14.0,0,0,0,0,60.0,90.0,2280.2
189,111.5,-922.4,186,4,209,10.7,78.1,9.0,10.0,11.0,0,0,0,0,90.0,120.0,859.8
190,-923.9,688.9,162,39,6,29.2,182.2,12.0,13.0,14.0,0,0,0,0,60.0,90.0,423.4
191,-4.0,-125.0,104,23,329,9.6,242.0,3.0,4.0,5.0,0,0,0,0,30.0,60.0,3419.5
192,303.1,-16.8,142,1,173,19.5,290.3,12.0,13.0,14.0,0,0,0,0,90.0,120.0,179.9
193,-837.4,631.5,187,24,121,5.0,197.1,6.0,7.0,8.0,0,0,0,0,120.0,150.0,405.2
194,-735.9,918.0,183,40,58,5.4,168.1,3.0,4.0,5.0,0,0,0,0,120.0,150.0,206.2
195,226.7,-775.7,142,15,359,20.4,7.5,6.0,7.0,8.0,0,0,0,0,90.0,120.0,128.5
196,952.9,-258.8,148,9,177,19.4,61.9,9.0,10.0,11.0,0,0,0,0,60.0,90.0,1444.7
197,-425.8,-244.5,182,36,288,13.9,26.6,12.0,13.0,14.0,0,0,0,0,120.0,150.0,121.4
198,-444.8,643.6,163,3,278,21.0,0.6,6.0,7.0,8.0,0,0,0,0,90.0,120.0,1337.3
199,487.7,-409.4,101,29,196,15.5,176.6,9.0,10.0,11.0,0,0,0,0,30.0,60.0,3126.0
200,-64.1,112.4,104,32,264,16.0,297.2,12.0,13.0,14.0,0,0,0,0,60.0,90.0,1886.4
201,-778.4,697.9,106,32,38,27.4,54.1,3.0,4.0,5.0,0,0,0,0,30.0,60.0,3419.5
202,-389.9,354.3,165,8,90,6.7,79.5,12.0,13.0,14.0,0,0,0,0,30.0,60.0,1573.2
203,704.6,-597.2,123,29,232,24.8,42.0,9.0,10.0,11.0,0,0,0,0,90.0,120.0,418.3
204,-58.4,292.6,104,0,283,22.9,130.7,3.0,4.0,5.0,0,0,0,0,60.0,90.0,2456.6
205,-889.9,-950.3,184,36,279,27.5,51.7,12.0,13.0,14.0,0,0,0,0,120.0,150.0,102.7
206,284.6,378.3,146,11,187,23.6,248.0,6.0,7.0,8.0,0,0,0,0,90.0,120.0,782.6
207,-767.6,4.1,164,31,28,25.2,300.9,12.0,13.0,14.0,0,0,0,0,60.0,90.0,0.2
208,205.9,684.9,101,11,269,20.8,48.7,12.0,13.0,14.0,0,0,0,0,120.0,150.0,4.9
209,-288.4,-280.9,181,30,357,17.2,56.3,6.0,7.0,8.0,0,0,0,0,120.0,150.0,191.0
210,721.1,-177.7,121,36,94,4.5,166.0,9.0,10.0,11.0,0,0,0,0,90.0,120.0,847.1
211,7.2,2.3,144,10,28,25.5,200.2,3.0,4.0,5.0,0,0,0,0,120.0,150.0,774.6
212,-404.1,523.0,105,45,3,10.3,143.4,12.0,13.0,14.0,0,0,0,0,90.0,120.0,2075.6
213,869.0,917.4,147,44,349,22.2,54.6,6.0,7.0,8.0,0,0,0,0,120.0,150.0,2200.8
214,-591.8,-543.7,201,39,349,13.6,90.0,9.0,10.0,11.0,0,0,0,0,120.0,150.0,407.9
215,452.4,753.4,104,13,349,19.7,5.4,6.0,7.0,8.0,0,0,0,0,120.0,150.0,416.1
216,-111.1,-912.4,163,6,69,25.0,27.6,12.0,13.0,14.0,0,0,0,0,90.0,120.0,403.9
217,485.2,-521.1,124,14,316,14.9,335.3,3.0,4.0,5.0,0,0,0,0,90.0,120.0,536.0
218,-803.9,-369.9,101,27,68,21.3,21.0,6.0,7.0,8.0,0,0,0,0,90.0,120.0,951.8
219,-141.9,-905.1,149,6,348,4.9,301.7,12.0,13.0,14.0,0,0,0,0,60.0,90.0,3418.6
220,212.6,-100.1,107,16,254,10.8,35.7,6.0,7.0,8.0,0,0,0,0,120.0,150.0,902.7
221,175.4,-664.5,145,5,180,12.7,77.2,6.0,7.0,8.0,0,0,0,0,120.0,150.0,1804.3
222,955.8,224.6,183,9,149,1.0,197.9,9.0,10.0,11.0,0,0,0,0,30.0,60.0,45.6
223,-807.6,-693.2,161,45,125,19.5,36.3,3.0,4.0,5.0,0,0,0,0,90.0,120.0,106.3
224,-69.5,-14.6,186,15,308,20.9,178.4,12.0,13.0,14.0,0,0,0,0,90.0,120.0,614.7
225,623.3,-449.0,146,43,261,15.0,323.4,6.0,7.0,8.0,0,0,0,0,90.0,120.0,586.5
226,-897.8,-943.3,123,28,196,13.0,328.3,3.0,4.0,5.0,0,0,0,0,90.0,120.0,988.3
227,185.3,342.9,147,7,68,8.0,346.1,9.0,10.0,11.0,0,0,0,0,120.0,150.0,2405.4
228,169.6,834.7,201,17,160,1.8,169.1,12.0,13.0,14.0,0,0,0,0,30.0,60.0,510.6
229,-847.2,-761.1,103,45,159,7.8,138.1,9.0,10.0,11.0,0,0,0,0,30.0,60.0,1597.9
230,-714.5,-475.3,147,21,99,16.0,49.9,6.0,7.0,8.0,0,0,0,0,30.0,60.0,981.9
231,929.1,332.5,164,35,211,12.9,245.1,6.0,7.0,8.0,0,0,0,0,120.0,150.0,464.4
232,-47.6,211.3,124,20,214,0.7,335.3,6.0,7.0,8.0,0,0,0,0,30.0,60.0,3419.5
233,803.6,-549.1,146,3,185,9.9,294.7,9.0,10.0,11.0,0,0,0,0,30.0,60.0,1890.8
234,25.8,-952.7,141,30,291,30.4,97.3,12.0,13.0,14.0,0,0,0,0,120.0,150.0,5.3
235,521.0,439.8,162,37,335,10.7,104.2,12.0,13.0,14.0,0,0,0,0,90.0,120.0,1720.9
236,-56.8,721.6,183,10,302,16.1,8.9,3.0,4.0,5.0,0,0,0,0,120.0,150.0,635.6
237,-348.3,-69.9,201,34,300,7.2,199.7,9.0,10.0,11.0,0,0,0,0,60.0,90.0,1014.8
238,836.8,676.6,123,11,269,6.8,253.5,12.0,13.0,14.0,0,0,0,0,120.0,150.0,161.0
239,787.9,779.9,143,7,325,11.0,107.1,12.0,13.0,14.0,0,0,0,0,90.0,120.0,718.6
240,-581.5,-452.9,164,11,116,16.1,101.6,6.0,7.0,8.0,0,0,0,0,60.0,90.0,981.4
241,567.7,411.2,149,26,176,8.5,155.2,12.0,13.0,14.0,0,0,0,0,90.0,120.0,1804.1
242,-914.5,-652.2,186,35,221,14.0,185.6,12.0,13.0,14.0,0,0,0,0,90.0,120.0,839.3
243,8.1,277.4,202,23,213,7.8,226.5,6.0,7.0,8.0,0,0,0,0,30.0,60.0,1590.6
244,-239.1,-410.2,123,7,268,10.7,349.9,6.0,7.0,8.0,0,0,0,0,60.0,90.0,2196.1
245,-713.2,710.3,124,7,84,30.1,295.2,9.0,10.0,11.0,0,0,0,0,30.0,60.0,0.0
246,-150.6,363.2,186,13,227,2.4,249.2,3.0,4.0,5.0,0,0,0,0,120.0,150.0,1303.2
247,126.2,32.9,164,14,308,17.8,148.0,6.0,7.0,8.0,0,0,0,0,60.0,90.0,1388.2
248,-870.2,288.5,149,15,249,14.9,339.6,3.0,4.0,5.0,0,0,0,0,60.0,90.0,2582.2
249,-948.0,598.0,142,17,210,20.5,348.6,3.0,4.0,5.0,0,0,0,0,60.0,90.0,1105.1
250,959.1,271.7,181,34,268,8.1,190.8,12.0,13.0,14.0,0,0,0,0,120.0,150.0,52.5
251,717.7,676.9,143,2,84,16.5,15.7,3.0,4.0,5.0,0,0,0,0,90.0,120.0,681.0
252,-30.6,859.4,146,36,148,29.7,90.1,9.0,10.0,11.0,0,0,0,0,120.0,150.0,781.7
253,672.6,497.2,183,10,164,23.1,86.0,6.0,7.0,8.0,0,0,0,0,90.0,120.0,401.6
254,927.3,-691.1,181,20,77,7.1,352.9,3.0,4.0,5.0,0,0,0,0,90.0,120.0,95.6
255,-170.9,-743.6,102,15,29,5.0,207.6,12.0,13.0,14.0,0,0,0,0,60.0,90.0,3264.3
256,-549.6,147.8,188,34,224,28.7,226.3,9.0,10.0,11.0,0,0,0,0,30.0,60.0,643.8
257,938.5,-881.9,146,12,165,6.2,45.8,3.0,4.0,5.0,0,0,0,0,120.0,150.0,2530.2
258,656.9,-316.0,103,39,264,20.2,62.0,9.0,10.0,11.0,0,0,0,0,60.0,90.0,2764.4
259,-535.3,83.6,203,19,118,17.7,181.3,12.0,13.0,14.0,0,0,0,0,60.0,90.0,1220.5
260,-350.2,-349.6,148,34,59,17.0,280.1,12.0,13.0,14.0,0,0,0,0,90.0,120.0,1196.5
261,953.0,652.2,161,34,143,14.6,132.3,12.0,13.0,14.0,0,0,0,0,60.0,90.0,213.5
262,-959.2,337.3,188,3,293,24.1,109.3,9.0,10.0,11.0,0,0,0,0,30.0,60.0,229.7
263,-883.7,43.3,121,25,7,6.3,97.6,6.0,7.0,8.0,0,0,0,0,120.0,150.0,108.3
264,-478.3,-925.9,164,39,343,12.9,325.3,9.0,10.0,11.0,0,0,0,0,120.0,150.0,294.5
265,444.2,71.1,144,32,18,6.2,29.9,12.0,13.0,14.0,0,0,0,0,30.0,60.0,2714.1
266,-143.3,228.2,164,18,89,4.3,209.8,9.0,10.0,11.0,0,0,0,0,30.0,60.0,1548.3
267,421.5,84.5,141,24,15,5.6,274.6,12.0,13.0,14.0,0,0,0,0,60.0,90.0,145.4
268,807.5,-823.1,121,13,2,4.1,198.0,12.0,13.0,14.0,0,0,0,0,90.0,120.0,54.3
269,759.0,822.2,107,0,62,29.0,6.5,12.0,13.0,14.0,0,0,0,0,90.0,120.0,2037.4
270,-717.0,328.4,183,37,85,9.7,19.1,3.0,4.0,5.0,0,0,0,0,30.0,60.0,222.2
271,39.7,302.9,104,14,177,13.0,26.9,6.0,7.0,8.0,0,0,0,0,60.0,90.0,3419.5
272,-407.8,-450.3,203,37,32,23.5,154.9,12.0,13.0,14.0,0,0,0,0,30.0,60.0,975.0
273,940.1,-676.4,188,41,18,1.7,328.1,9.0,10.0,11.0,0,0,0,0,60.0,90.0,339.4
274,841.0,84.5,188,23,160,17.8,77.1,6.0,7.0,8.0,0,0,0,0,60.0,90.0,1257.9
275,901.8,-551.1,101,14,298,21.8,156.0,12.0,13.0,14.0,0,0,0,0,90.0,120.0,86.5
276,953.0,714.7,101,5,127,3.4,262.7,12.0,13.0,14.0,0,0,0,0,90.0,120.0,79.0
277,-547.4,-593.6,146,33,168,22.3,148.6,6.0,7.0,8.0,0,0,0,0,120.0,150.0,1050.6
278,506.7,169.4,123,18,268,23.8,236.9,3.0,4.0,5.0,0,0,0,0,90.0,120.0,520.2
279,100.3,884.5,146,25,7,25.7,177.7,12.0,13.0,14.0,0,0,0,0,90.0,120.0,365.6
280,405.8,-305.6,145,39,308,9.8,145.5,3.0,4.0,5.0,0,0,0,0,120.0,150.0,3419.5
281,-403.2,-112.9,162,36,24,9.6,175.2,12.0,13.0,14.0,0,0,0,0,60.0,90.0,1120.2
282,879.0,391.8,202,20,282,21.8,69.7,3.0,4.0,5.0,0,0,0,0,30.0,60.0,2099.6
283,434.4,-592.6,148,39,323,3.3,319.3,12.0,13.0,14.0,0,0,0,0,120.0,150.0,434.8
284,340.3,-515.8,188,29,196,1.3,273.7,3.0,4.0,5.0,0,0,0,0,120.0,150.0,1579.0
285,-685.1,686.9,201,31,156,27.5,102.2,9.0,10.0,11.0,0,0,0,0,30.0,60.0,281.6
286,-110.9,144.7,109,40,159,8.3,318.7,6.0,7.0,8.0,0,0,0,0,120.0,150.0,931.4
287,698.1,-773.2,121,14,232,11.8,194.9,12.0,13.0,14.0,0,0,0,0,120.0,150.0,35.6
288,61.5,637.8,141,40,218,20.0,352.6,9.0,10.0,11.0,0,0,0,0,120.0,150.0,34.7
289,-696.5,844.1,164,17,236,17.2,148.9,9.0,10.0,11.0,0,0,0,0,60.0,90.0,530.4
290,61.4,-191.9,102,25,115,17.0,209.0,3.0,4.0,5.0,0,0,0,0,90.0,120.0,1630.2
291,-728.1,102.7,165,36,326,2.5,57.3,6.0,7.0,8.0,0,0,0,0,30.0,60.0,1583.7
292,-855.3,36.3,146,26,314,5.2,58.5,6.0,7.0,8.0,0,0,0,0,60.0,90.0,2906.3
293,-216.0,452.5,102,2,72,14.0,105.3,9.0,10.0,11.0,0,0,0,0,90.0,120.0,912.7
294,414.6,-675.0,203,21,84,20.5,222.2,3.0,4.0,5.0,0,0,0,0,30.0,60.0,1990.2
295,-15.9,249.4,188,41,62,31.0,181.3,6.0,7.0,8.0,0,0,0,0,120.0,150.0,406.5
296,317.2,174.0,107,28,299,18.0,7.4,6.0,7.0,8.0,0,0,0,0,30.0,60.0,3260.7
297,548.6,320.2,184,40,5,11.5,337.7,9.0,10.0,11.0,0,0,0,0,60.0,90.0,330.5
298,-166.1,325.2,183,7,32,21.0,76.9,9.0,10.0,11.0,0,0,0,0,30.0,60.0,244.2
299,-323.5,678.0,149,44,86,1.5,227.3,12.0,13.0,14.0,0,0,0,0,60.0,90.0,1800.7
300,97.9,-116.0,185,34,186,25.2,341.0,6.0,7.0,8.0,0,0,0,0,60.0,90.0,634.5
301,210.4,29.6,189,12,112,7.2,126.6,12.0,13.0,14.0,0,0,0,0,30.0,60.0,1367.5
302,-25.0,166.9,124,10,124,22.0,309.7,12.0,13.0,14.0,0,0,0,0,90.0,120.0,608.2
303,-90.5,555.4,188,26,167,20.7,44.4,6.0,7.0,8.0,0,0,0,0,30.0,60.0,804.0
304,-360.5,920.4,163,12,291,21.9,350.2,3.0,4.0,5.0,0,0,0,0,60.0,90.0,1996.4
305,-930.2,-867.9,185,7,307,7.9,78.6,12.0,13.0,14.0,0,0,0,0,120.0,150.0,321.4
306,-931.4,96.3,165,32,93,22.8,318.3,12.0,13.0,14.0,0,0,0,0,90.0,120.0,658.3
307,883.1,-296.5,105,30,327,1.7,21.9,6.0,7.0,8.0,0,0,0,0,90.0,120.0,2163.0
308,-333.8,-931.1,144,11,196,28.4,292.9,9.0,10.0,11.0,0,0,0,0,60.0,90.0,1065.7
309,721.2,-51.3,164,11,339,13.2,145.6,6.0,7.0,8.0,0,0,0,0,90.0,120.0,1818.7
310,343.6,26.1,145,3,113,18.5,232.7,9.0,10.0,11.0,0,0,0,0,60.0,90.0,1581.2
311,227.7,-122.1,183,5,353,2.2,100.9,6.0,7.0,8.0,0,0,0,0,120.0,150.0,63.4
312,786.2,-767.8,163,0,309,9.7,0.8,3.0,4.0,5.0,0,0,0,0,90.0,120.0,1385.7
313,262.7,282.1,201,17,49,4.2,124.5,9.0,10.0,11.0,0,0,0,0,90.0,120.0,1082.4
314,-431.6,-705.6,182,14,283,28.3,169.7,3.0,4.0,5.0,0,0,0,0,120.0,150.0,397.0
315,-700.8,841.3,123,39,143,16.4,222.4,3.0,4.0,5.0,0,0,0,0,30.0,60.0,1173.1
316,137.8,892.5,149,34,154,10.2,118.8,9.0,10.0,11.0,0,0,0,0,60.0,90.0,1201.6
317,938.9,-723.7,188,37,268,24.0,228.3,12.0,13.0,14.0,0,0,0,0,90.0,120.0,179.5
318,890.7,-954.6,183,33,283,24.2,197.2,3.0,4.0,5.0,0,0,0,0,90.0,120.0,187.7
319,-942.8,-249.0,146,1,111,17.5,355.3,6.0,7.0,8.0,0,0,0,0,30.0,60.0,1239.2
320,836.6,230.5,104,41,315,30.6,351.1,12.0,13.0,14.0,0,0,0,0,120.0,150.0,173.2
321,482.0,561.5,122,43,234,13.2,185.1,3.0,4.0,5.0,0,0,0,0,60.0,90.0,595.6
322,-639.9,-752.7,181,3,153,27.8,269.0,9.0,10.0,11.0,0,0,0,0,60.0,90.0,70.9
323,-145.3,753.4,123,33,336,7.0,226.1,3.0,4.0,5.0,0,0,0,0,90.0,120.0,1463.4
324,-75.7,-516.4,182,39,217,29.5,136.5,3.0,4.0,5.0,0,0,0,0,30.0,60.0,344.5
325,-82.5,-734.0,142,39,252,6.7,280.9,6.0,7.0,8.0,0,0,0,0,120.0,150.0,252.9
326,234.6,-798.2,165,1,203,12.3,13.3,9.0,10.0,11.0,0,0,0,0,120.0,150.0,530.0
327,432.4,673.5,145,30,12,13.4,80.9,6.0,7.0,8.0,0,0,0,0,120.0,150.0,1921.9
328,-940.3,317.3,102,22,246,14.4,6.7,9.0,10.0,11.0,0,0,0,0,90.0,120.0,1299.0
329,-99.1,942.1,142,3,217,15.8,328.7,9.0,10.0,11.0,0,0,0,0,30.0,60.0,828.9
330,-68.0,620.4,203,16,339,16.9,317.9,9.0,10.0,11.0,0,0,0,0,30.0,60.0,1917.5
331,150.4,472.7,163,3,47,26.8,295.4,9.0,10.0,11.0,0,0,0,0,30.0,60.0,1573.9
332,-135.2,-488.4,202,22,327,6.5,44.8,3.0,4.0,5.0,0,0,0,0,90.0,120.0,2079.6
333,-465.5,-708.3,146,42,323,29.6,150.0,3.0,4.0,5.0,0,0,0,0,30.0,60.0,1613.5
334,442.8,226.7,144,16,47,28.2,344.5,3.0,4.0,5.0,0,0,0,0,90.0,120.0,1351.0
335,702.9,-40.7,121,43,288,23.2,151.8,6.0,7.0,8.0,0,0,0,0,60.0,90.0,866.0
336,-146.9,503.7,188,4,241,8.0,0.4,12.0,13.0,14.0,0,0,0,0,30.0,60.0,966.1
337,-515.1,-404.3,107,24,40,1.0,99.3,12.0,13.0,14.0,0,0,0,0,60.0,90.0,3419.5
338,-70.0,-925.9,146,15,208,27.5,283.4,6.0,7.0,8.0,0,0,0,0,90.0,120.0,901.6
339,693.2,-950.6,163,27,201,14.4,267.2,6.0,7.0,8.0,0,0,0,0,30.0,60.0,1629.3
340,524.2,909.5,106,36,290,22.6,336.4,3.0,4.0,5.0,0,0,0,0,120.0,150.0,40.0
341,68.8,-466.8,142,28,75,19.2,5.3,12.0,13.0,14.0,0,0,0,0,60.0,90.0,153.7
342,-14.7,-168.9,188,18,57,25.7,78.3,6.0,7.0,8.0,0,0,0,0,60.0,90.0,516.6
343,128.6,-703.1,189,27,118,8.2,78.1,12.0,13.0,14.0,0,0,0,0,120.0,150.0,1071.5
344,-431.9,-430.0,121,29,2,16.4,37.4,3.0,4.0,5.0,0,0,0,0,90.0,120.0,680.7
345,-637.4,677.1,148,19,95,3.7,98.9,3.0,4.0,5.0,0,0,0,0,120.0,150.0,1495.2
346,-929.0,-865.3,162,32,87,21.0,247.2,12.0,13.0,14.0,0,0,0,0,30.0,60.0,2052.9
347,940.3,-420.5,122,9,70,17.4,97.2,12.0,13.0,14.0,0,0,0,0,30.0,60.0,1939.3
348,-36.7,-702.0,162,35,193,9.6,57.6,3.0,4.0,5.0,0,0,0,0,120.0,150.0,2111.0
349,-231.5,109.1,124,24,201,29.8,147.4,12.0,13.0,14.0,0,0,0,0,120.0,150.0,431.2
350,-874.2,-193.5,109,21,150,5.5,110.5,9.0,10.0,11.0,0,0,0,0,60.0,90.0,3419.5
351,826.1,-223.0,162,43,298,18.4,147.6,9.0,10.0,11.0,0,0,0,0,120.0,150.0,860.4
352,467.5,153.5,203,40,306,30.0,67.0,9.0,10.0,11.0,0,0,0,0,120.0,150.0,1482.3
353,761.3,-163.6,186,16,28,26.8,296.8,9.0,10.0,11.0,0,0,0,0,30.0,60.0,277.1
354,193.9,170.1,101,14,331,6.4,191.6,6.0,7.0,8.0,0,0,0,0,120.0,150.0,12.7
355,763.6,-230.6,105,10,78,4.0,352.3,6.0,7.0,8.0,0,0,0,0,120.0,150.0,195.5
356,-229.1,869.9,147,6,351,21.4,245.7,3.0,4.0,5.0,0,0,0,0,120.0,150.0,1128.2
357,-578.6,211.2,187,22,301,5.6,217.4,9.0,10.0,11.0,0,0,0,0,60.0,90.0,449.2
358,-345.7,114.7,102,10,26,3.3,221.3,9.0,10.0,11.0,0,0,0,0,30.0,60.0,3404.0
359,246.2,59.0,181,15,356,19.5,250.9,3.0,4.0,5.0,0,0,0,0,60.0,90.0,202.4
360,489.7,326.7,185,20,231,21.1,13.7,9.0,10.0,11.0,0,0,0,0,30.0,60.0,619.6
361,498.8,663.5,145,42,39,14.8,7.9,6.0,7.0,8.0,0,0,0,0,30.0,60.0,3086.8
362,100.7,-618.5,189,16,27,27.2,340.8,3.0,4.0,5.0,0,0,0,0,120.0,150.0,467.9
363,-244.5,921.9,204,38,351,18.6,281.2,3.0,4.0,5.0,0,0,0,0,120.0,150.0,0.0
364,474.9,948.5,144,37,298,2.1,93.6,3.0,4.0,5.0,0,0,0,0,90.0,120.0,1780.0
365,-399.5,699.6,163,29,270,8.9,205.9,9.0,10.0,11.0,0,0,0,0,30.0,60.0,2591.1
366,235.7,-582.9,105,40,9,10.3,237.0,3.0,4.0,5.0,0,0,0,0,120.0,150.0,447.7
367,-24.8,474.3,183,9,4,2.0,179.1,6.0,7.0,8.0,0,0,0,0,60.0,90.0,48.0
368,704.4,-626.3,187,27,271,22.4,246.2,6.0,7.0,8.0,0,0,0,0,90.0,120.0,163.9
369,405.8,-144.0,143,37,344,21.3,311.2,9.0,10.0,11.0,0,0,0,0,120.0,150.0,288.4
370,-43.6,959.1,142,21,31,18.9,308.1,9.0,10.0,11.0,0,0,0,0,30.0,60.0,589.3
371,-500.9,-559.7,121,42,62,19.1,347.4,12.0,13.0,14.0,0,0,0,0,90.0,120.0,375.6
372,128.3,-539.2,122,43,26,29.4,194.0,3.0,4.0,5.0,0,0,0,0,120.0,150.0,369.8
373,354.3,-524.4,143,38,142,27.8,76.2,3.0,4.0,5.0,0,0,0,0,120.0,150.0,479.5
374,23.8,-16.6,147,35,185,5.4,297.8,6.0,7.0,8.0,0,0,0,0,120.0,150.0,2678.1
375,495.7,-955.8,188,29,297,20.0,111.2,6.0,7.0,8.0,0,0,0,0,90.0,120.0,1432.0
376,835.0,-642.8,204,17,117,29.4,47.4,9.0,10.0,11.0,0,0,0,0,120.0,150.0,1.1
377,-814.6,249.2,121,22,234,16.3,46.8,3.0,4.0,5.0,0,0,0,0,120.0,150.0,31.6
378,270.0,-371.6,103,15,270,8.1,71.7,9.0,10.0,11.0,0,0,0,0,120.0,150.0,25.4
379,151.8,-498.1,188,6,227,6.4,10.6,9.0,10.0,11.0,0,0,0,0,60.0,90.0,702.1
380,816.9,518.1,104,28,31,16.6,136.2,6.0,7.0,8.0,0,0,0,0,30.0,60.0,3386.6
381,574.4,-321.4,203,2,40,28.4,232.8,6.0,7.0,8.0,0,0,0,0,30.0,60.0,1194.5
382,91.4,93.4,107,1,122,7.1,40.6,9.0,10.0,11.0,0,0,0,0,120.0,150.0,1083.5
383,-632.3,-481.8,142,37,188,29.1,88.0,12.0,13.0,14.0,0,0,0,0,60.0,90.0,117.6
384,-83.4,-179.5,107,6,245,0.2,340.9,3.0,4.0,5.0,0,0,0,0,30.0,60.0,3419.5
385,360.4,750.7,103,10,346,11.0,52.3,3.0,4.0,5.0,0,0,0,0,30.0,60.0,3419.5
386,-64.4,557.4,181,41,250,23.5,129.7,6.0,7.0,8.0,0,0,0,0,120.0,150.0,84.5
387,-821.6,-35.9,146,14,262,27.0,223.9,12.0,13.0,14.0,0,0,0,0,120.0,150.0,1219.4
388,13.3,883.4,106,12,73,3.8,157.8,6.0,7.0,8.0,0,0,0,0,60.0,90.0,3419.5
389,-186.2,203.2,144,3,115,26.7,144.3,9.0,10.0,11.0,0,0,0,0,60.0,90.0,1039.0
390,528.6,717.2,184,17,190,2.1,179.1,6.0,7.0,8.0,0,0,0,0,120.0,150.0,252.9
391,311.8,267.8,145,19,158,18.5,329.6,9.0,10.0,11.0,0,0,0,0,120.0,150.0,1223.8
392,-590.6,891.0,147,15,292,25.2,151.5,3.0,4.0,5.0,0,0,0,0,60.0,90.0,985.0
393,-673.4,-511.7,109,41,237,25.9,86.8,3.0,4.0,5.0,0,0,0,0,30.0,60.0,3419.5
394,946.0,643.7,146,0,126,2.1,167.1,3.0,4.0,5.0,0,0,0,0,120.0,150.0,2147.4
395,92.8,247.4,181,32,326,5.1,336.6,3.0,4.0,5.0,0,0,0,0,60.0,90.0,161.9
396,431.9,622.3,104,12,57,14.9,24.2,6.0,7.0,8.0,0,0,0,0,60.0,90.0,3418.2
397,671.5,-333.7,162,23,146,17.1,279.7,3.0,4.0,5.0,0,0,0,0,90.0,120.0,833.3
398,632.9,-728.1,162,0,287,0.2,84.8,3.0,4.0,5.0,0,0,0,0,120.0,150.0,838.6
399,170.4,-705.5,182,38,194,30.2,72.0,3.0,4.0,5.0,0,0,0,0,60.0,90.0,263.8
400,-808.2,954.8,189,43,254,16.6,216.2,9.0,10.0,11.0,0,0,0,0,30.0,60.0,326.7
401,-647.9,574.3,161,18,128,11.0,18.9,3.0,4.0,5.0,0,0,0,0,60.0,90.0,629.8
402,628.5,519.9,105,28,29,6.8,299.2,12.0,13.0,14.0,0,0,0,0,120.0,150.0,353.8
403,-810.9,-97.7,161,19,347,17.4,292.6,6.0,7.0,8.0,0,0,0,0,90.0,120.0,112.8
404,-252.5,-741.1,121,9,40,18.3,165.8,3.0,4.0,5.0,0,0,0,0,90.0,120.0,1069.9
405,-44.7,-543.4,187,17,34,6.5,348.9,6.0,7.0,8.0,0,0,0,0,30.0,60.0,446.8
406,-48.4,795.3,188,23,40,24.1,118.1,12.0,13.0,14.0,0,0,0,0,60.0,90.0,445.5
407,-845.4,-527.6,106,12,137,29.7,30.9,9.0,10.0,11.0,0,0,0,0,30.0,60.0,2418.5
408,-957.9,55.9,143,15,300,5.8,73.0,6.0,7.0,8.0,0,0,0,0,60.0,90.0,440.1
409,-311.7,668.4,184,44,86,26.1,281.1,6.0,7.0,8.0,0,0,0,0,90.0,120.0,349.8
410,408.5,-528.6,186,35,163,2.1,317.2,6.0,7.0,8.0,0,0,0,0,90.0,120.0,1326.4
411,114.8,607.2,102,36,89,23.1,218.6,9.0,10.0,11.0,0,0,0,0,60.0,90.0,1016.6
412,-225.3,913.5,188,45,306,31.0,286.6,9.0,10.0,11.0,0,0,0,0,120.0,150.0,744.6
413,657.1,-744.3,142,39,240,22.5,329.2,9.0,10.0,11.0,0,0,0,0,30.0,60.0,187.5
414,-151.1,21.8,203,34,272,14.7,146.6,6.0,7.0,8.0,0,0,0,0,30.0,60.0,2348.7
415,-622.9,-28.9,105,6,165,12.9,55.2,9.0,10.0,11.0,0,0,0,0,60.0,90.0,2889.6
416,-110.0,-950.3,109,31,259,10.5,99.7,9.0,10.0,11.0,0,0,0,0,60.0,90.0,3419.5
417,560.8,876.1,146,2,330,13.9,12.8,9.0,10.0,11.0,0,0,0,0,60.0,90.0,2678.7
418,-255.9,-151.0,107,6,304,12.0,134.9,3.0,4.0,5.0,0,0,0,0,120.0,150.0,891.4
419,956.1,-666.0,182,2,109,12.5,80.5,9.0,10.0,11.0,0,0,0,0,90.0,120.0,124.3
420,-428.4,875.0,204,41,130,24.7,175.1,6.0,7.0,8.0,0,0,0,0,60.0,90.0,1445.1
421,-513.5,-479.7,187,12,48,1.6,164.7,9.0,10.0,11.0,0,0,0,0,60.0,90.0,169.7
422,-885.6,-289.9,106,43,196,6.1,287.0,3.0,4.0,5.0,0,0,0,0,120.0,150.0,22.9
423,-430.5,-25.8,184,0,10,22.7,210.6,9.0,10.0,11.0,0,0,0,0,90.0,120.0,372.1
424,-96.5,-635.8,181,45,301,17.9,88.1,3.0,4.0,5.0,0,0,0,0,90.0,120.0,103.6
425,-611.9,-811.0,104,39,87,26.3,33.0,3.0,4.0,5.0,0,0,0,0,120.0,150.0,519.7
426,950.5,24.5,146,8,68,17.3,336.9,9.0,10.0,11.0,0,0,0,0,120.0,150.0,731.9
427,2.2,912.2,149,11,169,2.2,217.4,12.0,13.0,14.0,0,0,0,0,30.0,60.0,3419.5
428,-570.1,-257.5,107,2,8,18.6,154.2,9.0,10.0,11.0,0,0,0,0,60.0,90.0,0.0
429,-653.9,175.8,161,34,303,7.2,312.7,3.0,4.0,5.0,0,0,0,0,30.0,60.0,1036.4
430,872.1,-774.7,105,36,77,16.8,155.0,3.0,4.0,5.0,0,0,0,0,120.0,150.0,1019.0
431,-493.5,-145.5,186,28,35,5.6,24.5,3.0,4.0,5.0,0,0,0,0,90.0,120.0,975.2
432,583.2,-865.0,182,22,82,7.9,27.9,3.0,4.0,5.0,0,0,0,0,120.0,150.0,277.5
433,-936.7,-589.8,109,13,196,23.6,177.4,6.0,7.0,8.0,0,0,0,0,60.0,90.0,3419.5
434,173.4,609.6,102,4,258,24.3,195.4,3.0,4.0,5.0,0,0,0,0,60.0,90.0,1104.6
435,-857.7,500.1,148,34,140,13.6,121.9,9.0,10.0,11.0,0,0,0,0,30.0,60.0,563.5
436,345.0,-40.8,145,25,55,5.0,220.2,3.0,4.0,5.0,0,0,0,0,60.0,90.0,3419.5
437,-773.9,8.3,124,19,54,12.6,133.5,3.0,4.0,5.0,0,0,0,0,30.0,60.0,2387.6
438,226.5,-483.1,144,2,22,22.3,186.2,9.0,10.0,11.0,0,0,0,0,120.0,150.0,708.8
439,-849.9,-445.6,165,37,85,28.7,118.0,9.0,10.0,11.0,0,0,0,0,60.0,90.0,360.9
440,524.3,-838.8,147,42,202,27.3,311.0,12.0,13.0,14.0,0,0,0,0,60.0,90.0,500.4
441,39.0,-297.6,204,33,11,19.5,241.0,3.0,4.0,5.0,0,0,0,0,90.0,120.0,2405.0
442,-11.9,409.3,143,35,207,18.8,344.3,9.0,10.0,11.0,0,0,0,0,60.0,90.0,650.7
443,385.1,-491.8,141,27,221,24.9,182.9,6.0,7.0,8.0,0,0,0,0,30.0,60.0,1141.3
444,252.4,-187.7,184,40,126,4.4,29.6,3.0,4.0,5.0,0,0,0,0,90.0,120.0,606.5
445,937.1,321.5,142,30,105,12.2,65.9,6.0,7.0,8.0,0,0,0,0,90.0,120.0,449.5
446,-208.5,-3.8,144,7,232,0.5,180.2,6.0,7.0,8.0,0,0,0,0,60.0,90.0,2750.1
447,14.7,-382.1,105,32,42,18.0,16.7,12.0,13.0,14.0,0,0,0,0,90.0,120.0,866.9
448,775.9,443.4,204,17,233,30.3,233.4,9.0,10.0,11.0,0,0,0,0,120.0,150.0,0.4
449,-602.4,-806.2,161,25,97,15.2,18.5,12.0,13.0,14.0,0,0,0,0,30.0,60.0,315.8
450,-919.6,304.6,148,44,146,16.2,131.5,3.0,4.0,5.0,0,0,0,0,30.0,60.0,822.6
451,836.4,932.6,121,39,28,23.4,81.1,3.0,4.0,5.0,0,0,0,0,60.0,90.0,1545.2
452,-777.2,68.2,183,35,150,5.8,322.1,6.0,7.0,8.0,0,0,0,0,30.0,60.0,253.8
453,722.7,55.2,163,25,229,7.3,95.7,9.0,10.0,11.0,0,0,0,0,60.0,90.0,2898.9
454,626.7,-373.5,165,45,219,6.8,273.8,9.0,10.0,11.0,0,0,0,0,90.0,120.0,363.6
455,731.7,302.6,145,41,344,28.8,264.4,6.0,7.0,8.0,0,0,0,0,60.0,90.0,1862.3
456,30.8,-277.1,163,14,149,9.7,355.8,3.0,4.0,5.0,0,0,0,0,60.0,90.0,2665.4
457,296.6,-632.8,204,1,267,9.8,159.3,3.0,4.0,5.0,0,0,0,0,90.0,120.0,3419.5
458,102.3,-406.8,105,28,112,16.3,189.5,3.0,4.0,5.0,0,0,0,0,30.0,60.0,3419.5
459,-550.4,181.7,165,27,133,2.4,292.0,9.0,10.0,11.0,0,0,0,0,90.0,120.0,1061.3
460,-2.7,-569.0,122,5,147,10.9,142.0,12.0,13.0,14.0,0,0,0,0,90.0,120.0,1011.5
461,-140.9,-630.7,183,6,185,12.1,202.7,12.0,13.0,14.0,0,0,0,0,90.0,120.0,169.5
462,105.7,16.9,162,43,94,4.0,357.1,9.0,10.0,11.0,0,0,0,0,60.0,90.0,1132.9
463,262.3,-292.6,101,0,109,29.9,118.5,12.0,13.0,14.0,0,0,0,0,90.0,120.0,147.7
464,264.7,755.0,187,23,153,24.0,294.6,3.0,4.0,5.0,0,0,0,0,30.0,60.0,418.1
465,-44.5,-350.6,181,0,322,14.5,41.1,6.0,7.0,8.0,0,0,0,0,120.0,150.0,95.0
466,109.7,883.5,182,29,286,14.1,88.5,12.0,13.0,14.0,0,0,0,0,60.0,90.0,37.6
467,-394.7,-495.1,122,3,205,2.0,359.5,3.0,4.0,5.0,0,0,0,0,120.0,150.0,114.5
468,336.7,-828.3,143,44,58,13.8,292.1,9.0,10.0,11.0,0,0,0,0,60.0,90.0,195.3
469,-553.3,803.4,204,9,187,14.5,331.5,3.0,4.0,5.0,0,0,0,0,30.0,60.0,3419.5
470,-702.3,342.7,182,1,219,17.4,67.4,6.0,7.0,8.0,0,0,0,0,90.0,120.0,185.0
471,-246.9,785.0,146,0,239,29.1,298.8,3.0,4.0,5.0,0,0,0,0,90.0,120.0,1665.5
472,447.5,-423.0,106,18,227,16.2,283.5,9.0,10.0,11.0,0,0,0,0,60.0,90.0,2383.6
473,-301.0,566.4,144,35,298,14.9,126.7,6.0,7.0,8.0,0,0,0,0,90.0,120.0,772.4
474,-626.2,349.5,163,37,198,12.1,144.8,12.0,13.0,14.0,0,0,0,0,60.0,90.0,910.7
475,479.7,-162.6,187,42,79,23.7,355.8,3.0,4.0,5.0,0,0,0,0,90.0,120.0,265.8
476,117.4,560.6,141,36,281,26.0,328.8,9.0,10.0,11.0,0,0,0,0,30.0,60.0,1173.4
477,387.9,665.3,122,11,278,9.8,97.7,6.0,7.0,8.0,0,0,0,0,60.0,90.0,2491.5
478,836.5,812.2,143,40,24,27.8,324.8,12.0,13.0,14.0,0,0,0,0,30.0,60.0,676.3
479,278.3,-564.8,103,0,132,24.2,291.3,9.0,10.0,11.0,0,0,0,0,90.0,120.0,816.2
480,-299.2,-279.0,106,34,15,28.2,125.6,12.0,13.0,14.0,0,0,0,0,90.0,120.0,1125.8
481,323.6,818.1,203,43,219,15.8,286.9,9.0,10.0,11.0,0,0,0,0,30.0,60.0,650.1
482,398.4,-641.9,145,4,355,8.6,51.6,3.0,4.0,5.0,0,0,0,0,30.0,60.0,3419.5
483,925.4,770.5,162,26,149,14.3,229.7,9.0,10.0,11.0,0,0,0,0,30.0,60.0,537.1
484,573.3,-773.2,148,15,337,10.6,346.0,9.0,10.0,11.0,0,0,0,0,90.0,120.0,855.3
485,-947.5,672.3,106,26,2,13.3,137.1,12.0,13.0,14.0,0,0,0,0,30.0,60.0,3329.7
486,790.4,-26.7,203,6,94,18.3,283.6,12.0,13.0,14.0,0,0,0,0,90.0,120.0,831.3
487,716.2,404.7,203,11,67,0.1,41.4,9.0,10.0,11.0,0,0,0,0,120.0,150.0,3388.2
488,-845.3,-301.9,106,5,316,5.8,141.8,3.0,4.0,5.0,0,0,0,0,60.0,90.0,3419.5
489,-340.5,-46.7,142,42,291,20.2,167.3,3.0,4.0,5.0,0,0,0,0,90.0,120.0,561.1
490,-811.9,558.9,183,43,12,29.1,210.9,12.0,13.0,14.0,0,0,0,0,90.0,120.0,102.5
491,-214.0,-406.8,165,24,343,6.8,358.8,12.0,13.0,14.0,0,0,0,0,60.0,90.0,942.1
492,-573.0,-196.3,147,23,329,16.8,96.6,12.0,13.0,14.0,0,0,0,0,60.0,90.0,401.4
493,187.5,-440.7,148,7,359,5.5,250.7,12.0,13.0,14.0,0,0,0,0,60.0,90.0,2713.4
494,-691.8,-377.6,121,45,42,1.9,137.2,3.0,4.0,5.0,0,0,0,0,90.0,120.0,426.3
495,560.0,-54.3,146,40,170,5.6,268.3,6.0,7.0,8.0,0,0,0,0,60.0,90.0,1829.2
496,409.6,735.4,106,4,73,3.1,267.2,6.0,7.0,8.0,0,0,0,0,120.0,150.0,6.9
497,-108.7,-505.6,142,28,360,18.9,238.4,9.0,10.0,11.0,0,0,0,0,90.0,120.0,286.9
498,-526.2,568.2,185,43,65,16.2,297.4,9.0,10.0,11.0,0,0,0,0,30.0,60.0,642.3
499,527.4,-8.9,164,11,231,5.8,339.9,6.0,7.0,8.0,0,0,0,0,120.0,150.0,1175.8
500,-275.8,-178.2,124,34,251,23.8,294.3,12.0,13.0,14.0,0,0,0,0,120.0,150.0,457.7
501,531.9,-790.6,124,12,75,10.0,0.7,12.0,13.0,14.0,0,0,0,0,120.0,150.0,263.8
502,-248.4,-424.4,148,43,6,12.0,72.2,12.0,13.0,14.0,0,0,0,0,30.0,60.0,769.0
503,195.1,-1.4,147,33,117,24.3,161.8,12.0,13.0,14.0,0,0,0,0,60.0,90.0,1047.7
504,-339.4,-339.0,148,4,160,17.0,226.2,3.0,4.0,5.0,0,0,0,0,120.0,150.0,1249.2
505,-786.0,490.9,145,37,33,6.4,358.6,9.0,10.0,11.0,0,0,0,0,30.0,60.0,3009.0
506,635.2,495.4,187,26,358,2.2,286.8,3.0,4.0,5.0,0,0,0,0,90.0,120.0,1042.8
507,-908.5,126.3,106,8,193,16.2,3.6,6.0,7.0,8.0,0,0,0,0,90.0,120.0,1967.5
508,648.4,-513.8,203,34,271,5.7,218.1,9.0,10.0,11.0,0,0,0,0,90.0,120.0,1535.9
509,-483.7,763.9,148,38,263,8.5,158.5,3.0,4.0,5.0,0,0,0,0,90.0,120.0,1292.3
510,-824.9,476.9,186,37,136,30.7,349.5,6.0,7.0,8.0,0,0,0,0,120.0,150.0,757.9
511,-660.7,15.8,204,24,358,19.2,22.5,9.0,10.0,11.0,0,0,0,0,90.0,120.0,1418.0
512,-503.1,-74.6,202,33,62,28.0,35.7,3.0,4.0,5.0,0,0,0,0,120.0,150.0,984.3
513,-652.1,41.7,186,34,184,8.6,17.7,6.0,7.0,8.0,0,0,0,0,30.0,60.0,1019.0
514,-6.5,-741.3,163,15,269,10.9,79.2,12.0,13.0,14.0,0,0,0,0,90.0,120.0,1496.3
515,118.1,662.7,123,28,155,5.4,67.5,6.0,7.0,8.0,0,0,0,0,60.0,90.0,2512.2
516,-199.6,846.9,143,41,69,11.3,249.8,6.0,7.0,8.0,0,0,0,0,120.0,150.0,162.3
517,454.7,-444.6,106,45,3,12.1,336.4,6.0,7.0,8.0,0,0,0,0,90.0,120.0,1031.0
518,-689.3,-195.4,103,1,165,11.6,283.5,6.0,7.0,8.0,0,0,0,0,30.0,60.0,3419.5
519,-164.9,-318.2,141,43,275,10.2,95.3,12.0,13.0,14.0,0,0,0,0,90.0,120.0,4.0
520,-674.6,-296.3,163,27,51,16.2,71.7,12.0,13.0,14.0,0,0,0,0,60.0,90.0,692.8
521,919.9,466.8,144,32,326,29.9,105.6,12.0,13.0,14.0,0,0,0,0,120.0,150.0,833.3
522,-324.0,-586.1,182,4,75,23.5,177.5,6.0,7.0,8.0,0,0,0,0,90.0,120.0,331.4
523,659.6,-215.4,184,37,144,27.3,103.8,9.0,10.0,11.0,0,0,0,0,30.0,60.0,456.1
524,308.0,-953.9,103,23,179,3.0,37.2,9.0,10.0,11.0,0,0,0,0,60.0,90.0,3419.5
525,-328.9,-46.7,108,6,199,14.7,346.0,12.0,13.0,14.0,0,0,0,0,60.0,90.0,2904.0
526,100.5,128.9,186,38,208,13.5,109.3,6.0,7.0,8.0,0,0,0,0,120.0,150.0,690.1
527,955.7,894.1,105,30,313,18.8,234.4,6.0,7.0,8.0,0,0,0,0,120.0,150.0,208.2
528,295.7,-178.5,103,17,143,0.8,94.8,12.0,13.0,14.0,0,0,0,0,120.0,150.0,30.0
529,-242.3,-492.4,183,42,60,19.1,282.4,3.0,4.0,5.0,0,0,0,0,120.0,150.0,247.1
530,872.7,-790.2,142,26,282,8.1,205.4,6.0,7.0,8.0,0,0,0,0,60.0,90.0,329.1
531,795.3,484.3,145,45,216,10.7,234.3,9.0,10.0,11.0,0,0,0,0,60.0,90.0,938.7
532,-554.8,2.0,142,18,351,25.4,209.0,6.0,7.0,8.0,0,0,0,0,120.0,150.0,245.1
533,-858.9,881.4,188,43,195,1.4,15.7,3.0,4.0,5.0,0,0,0,0,60.0,90.0,328.9
534,413.6,272.4,104,44,127,30.2,16.2,3.0,4.0,5.0,0,0,0,0,30.0,60.0,3419.5
535,-602.5,257.7,142,26,176,6.2,160.0,12.0,13.0,14.0,0,0,0,0,30.0,60.0,337.2
536,-607.3,307.2,144,18,273,18.9,67.8,9.0,10.0,11.0,0,0,0,0,30.0,60.0,1205.8
537,-754.3,240.3,163,25,100,12.5,2.3,9.0,10.0,11.0,0,0,0,0,90.0,120.0,1303.7
538,874.3,-941.7,201,20,108,17.7,139.3,6.0,7.0,8.0,0,0,0,0,90.0,120.0,1329.0
539,-547.6,-535.6,143,37,125,4.0,156.8,3.0,4.0,5.0,0,0,0,0,60.0,90.0,580.0
540,-601.9,-520.2,122,18,177,10.1,264.8,3.0,4.0,5.0,0,0,0,0,90.0,120.0,2381.2
541,499.1,-762.6,102,25,262,29.3,304.7,6.0,7.0,8.0,0,0,0,0,90.0,120.0,559.3
542,627.8,465.3,184,12,129,11.1,27.1,12.0,13.0,14.0,0,0,0,0,90.0,120.0,291.3
543,948.4,-432.4,108,8,92,10.1,35.2,12.0,13.0,14.0,0,0,0,0,30.0,60.0,3419.5
544,-271.9,-246.2,203,22,187,0.3,34.8,6.0,7.0,8.0,0,0,0,0,120.0,150.0,3333.2
545,-163.7,-190.0,141,1,252,26.9,178.0,3.0,4.0,5.0,0,0,0,0,30.0,60.0,1070.2
546,-728.2,-240.1,106,28,9,26.9,191.9,3.0,4.0,5.0,0,0,0,0,90.0,120.0,1923.7
547,30.2,292.5,187,10,282,1.4,146.8,12.0,13.0,14.0,0,0,0,0,60.0,90.0,111.0
548,67.2,791.8,161,31,266,5.8,334.5,3.0,4.0,5.0,0,0,0,0,60.0,90.0,598.0
549,-137.0,-249.7,124,25,171,21.2,284.0,6.0,7.0,8.0,0,0,0,0,120.0,150.0,333.1
550,347.4,-338.4,123,11,199,14.4,313.7,12.0,13.0,14.0,0,0,0,0,90.0,120.0,614.7
551,-792.6,-137.8,182,25,68,15.1,161.3,3.0,4.0,5.0,0,0,0,0,90.0,120.0,266.7
552,-681.3,765.5,124,10,99,22.4,356.5,9.0,10.0,11.0,0,0,0,0,60.0,90.0,1692.6
553,-356.0,-540.8,141,39,283,27.2,239.0,9.0,10.0,11.0,0,0,0,0,30.0,60.0,1327.3
554,314.9,317.0,142,20,60,7.9,286.5,12.0,13.0,14.0,0,0,0,0,120.0,150.0,52.5
555,-535.7,156.9,106,9,155,11.9,156.3,6.0,7.0,8.0,0,0,0,0,60.0,90.0,3414.2
556,-939.3,-118.0,204,16,26,14.2,53.4,3.0,4.0,5.0,0,0,0,0,90.0,120.0,2240.8
557,-522.4,684.7,188,21,149,10.7,224.1,12.0,13.0,14.0,0,0,0,0,120.0,150.0,495.7
558,-218.0,-546.1,108,21,31,6.5,290.8,12.0,13.0,14.0,0,0,0,0,120.0,150.0,320.5
559,549.9,-563.5,185,1,305,12.7,21.1,3.0,4.0,5.0,0,0,0,0,120.0,150.0,735.5
560,22.7,-406.9,203,22,171,8.7,256.4,9.0,10.0,11.0,0,0,0,0,120.0,150.0,2803.5
561,-490.8,-363.9,109,43,12,1.6,311.4,3.0,4.0,5.0,0,0,0,0,60.0,90.0,3419.5
562,-738.4,-158.8,144,20,196,23.7,229.0,12.0,13.0,14.0,0,0,0,0,120.0,150.0,807.1
563,223.7,-863.3,161,41,306,6.4,147.1,3.0,4.0,5.0,0,0,0,0,90.0,120.0,271.5
564,557.1,-39.8,148,25,84,25.4,225.2,3.0,4.0,5.0,0,0,0,0,90.0,120.0,865.3
565,712.9,-818.6,181,18,198,14.6,187.1,12.0,13.0,14.0,0,0,0,0,30.0,60.0,69.8
566,682.8,104.6,103,33,93,3.5,152.3,3.0,4.0,5.0,0,0,0,0,90.0,120.0,3223.6
567,159.4,516.2,143,12,69,19.4,122.3,9.0,10.0,11.0,0,0,0,0,90.0,120.0,358.1
568,-710.3,264.6,183,24,161,11.3,53.0,12.0,13.0,14.0,0,0,0,0,30.0,60.0,143.9
569,-358.6,-622.6,163,4,168,28.2,56.1,9.0,10.0,11.0,0,0,0,0,120.0,150.0,473.0
570,-556.7,513.7,202,0,204,0.5,5.6,3.0,4.0,5.0,0,0,0,0,120.0,150.0,3108.9
571,-611.7,-572.8,147,42,241,26.0,154.9,3.0,4.0,5.0,0,0,0,0,30.0,60.0,2750.1
572,545.3,196.5,148,8,253,18.9,27.9,9.0,10.0,11.0,0,0,0,0,60.0,90.0,1280.5
573,779.7,-583.5,109,33,109,2.3,196.1,3.0,4.0,5.0,0,0,0,0,60.0,90.0,3419.5
574,-170.8,-353.8,202,42,157,10.9,302.2,12.0,13.0,14.0,0,0,0,0,120.0,150.0,1660.2
575,308.2,-288.9,147,38,83,15.8,341.0,6.0,7.0,8.0,0,0,0,0,30.0,60.0,1245.9
576,297.9,419.7,187,44,189,26.8,95.8,9.0,10.0,11.0,0,0,0,0,90.0,120.0,214.4
577,877.2,-677.1,108,34,342,20.4,26.0,9.0,10.0,11.0,0,0,0,0,30.0,60.0,2567.3
578,-858.8,107.7,101,8,225,16.8,116.5,6.0,7.0,8.0,0,0,0,0,90.0,120.0,777.0
579,738.6,-721.6,105,27,144,25.4,121.6,12.0,13.0,14.0,0,0,0,0,120.0,150.0,929.8
580,207.2,476.2,145,10,290,13.2,278.2,3.0,4.0,5.0,0,0,0,0,30.0,60.0,2726.6
581,-192.6,157.1,103,10,144,9.3,272.0,9.0,10.0,11.0,0,0,0,0,90.0,120.0,2658.9
582,-794.3,371.6,181,16,119,18.4,8.0,6.0,7.0,8.0,0,0,0,0,90.0,120.0,107.0
583,843.3,825.2,163,40,30,11.9,144.5,12.0,13.0,14.0,0,0,0,0,90.0,120.0,1970.2
584,135.2,948.2,184,44,18,5.0,331.5,9.0,10.0,11.0,0,0,0,0,90.0,120.0,387.6
585,858.9,-144.4,146,16,94,2.8,74.4,12.0,13.0,14.0,0,0,0,0,90.0,120.0,3319.7
586,-591.7,163.1,182,35,334,28.6,303.0,6.0,7.0,8.0,0,0,0,0,90.0,120.0,480.4
587,573.4,841.4,144,32,186,27.2,87.7,12.0,13.0,14.0,0,0,0,0,90.0,120.0,633.8
588,-315.5,-695.2,186,32,250,10.6,148.2,9.0,10.0,11.0,0,0,0,0,30.0,60.0,1245.9
589,-600.5,-612.1,201,1,284,6.5,138.6,12.0,13.0,14.0,0,0,0,0,60.0,90.0,856.2
590,-766.4,495.9,183,39,16,20.0,50.1,9.0,10.0,11.0,0,0,0,0,120.0,150.0,212.8
591,-42.1,-19.2,182,38,111,20.8,148.2,9.0,10.0,11.0,0,0,0,0,120.0,150.0,351.4
592,655.1,679.7,147,27,113,15.1,258.7,12.0,13.0,14.0,0,0,0,0,120.0,150.0,435.2
593,-337.4,-207.1,149,5,71,13.9,91.8,9.0,10.0,11.0,0,0,0,0,120.0,150.0,668.1
594,-444.1,625.3,103,44,326,30.5,284.6,9.0,10.0,11.0,0,0,0,0,30.0,60.0,2949.6
595,727.6,-813.8,146,19,348,10.3,17.9,6.0,7.0,8.0,0,0,0,0,120.0,150.0,1037.0
596,611.6,-48.7,122,10,3,9.3,185.6,6.0,7.0,8.0,0,0,0,0,120.0,150.0,621.8
597,-926.6,745.6,107,28,231,19.5,50.1,12.0,13.0,14.0,0,0,0,0,60.0,90.0,1866.1
598,-870.7,480.0,122,26,259,2.8,145.5,9.0,10.0,11.0,0,0,0,0,90.0,120.0,1038.4
599,243.5,575.8,143,39,194,29.6,239.6,3.0,4.0,5.0,0,0,0,0,60.0,90.0,397.9
600,361.9,265.3,141,37,80,10.1,324.3,3.0,4.0,5.0,0,0,0,0,120.0,150.0,122.1
601,-299.3,545.4,107,12,101,17.0,198.8,3.0,4.0,5.0,0,0,0,0,90.0,120.0,1819.4
602,-830.8,-416.4,182,18,94,10.5,313.1,12.0,13.0,14.0,0,0,0,0,90.0,120.0,55.6
603,-810.2,-577.7,109,19,310,30.3,159.8,3.0,4.0,5.0,0,0,0,0,60.0,90.0,3419.5
604,249.8,-783.2,109,2,246,18.6,325.5,9.0,10.0,11.0,0,0,0,0,60.0,90.0,2839.3
605,-938.1,-191.1,186,14,112,15.8,305.9,12.0,13.0,14.0,0,0,0,0,120.0,150.0,1067.7
606,692.1,53.2,181,26,335,17.6,331.4,9.0,10.0,11.0,0,0,0,0,120.0,150.0,131.7
607,761.4,-342.0,162,6,37,23.2,262.3,6.0,7.0,8.0,0,0,0,0,120.0,150.0,325.1
608,651.4,-278.8,188,9,281,9.2,167.4,9.0,10.0,11.0,0,0,0,0,120.0,150.0,1110.4
609,-872.1,346.2,121,39,34,15.5,310.1,3.0,4.0,5.0,0,0,0,0,60.0,90.0,1360.4
610,-351.3,-295.9,105,3,223,6.8,204.6,12.0,13.0,14.0,0,0,0,0,60.0,90.0,3419.5
611,881.1,239.1,202,7,282,20.9,30.2,12.0,13.0,14.0,0,0,0,0,30.0,60.0,1175.1
612,-34.8,-450.4,188,27,27,4.4,68.2,9.0,10.0,11.0,0,0,0,0,120.0,150.0,757.0
613,-374.8,776.6,124,23,205,23.0,325.2,12.0,13.0,14.0,0,0,0,0,60.0,90.0,1600.1
614,-842.2,-695.3,149,40,230,26.9,126.2,9.0,10.0,11.0,0,0,0,0,30.0,60.0,2307.8
615,498.8,233.3,162,23,76,1.0,78.7,12.0,13.0,14.0,0,0,0,0,120.0,150.0,1763.6
616,944.9,237.5,108,30,206,0.2,163.1,9.0,10.0,11.0,0,0,0,0,120.0,150.0,271.5
617,-495.8,630.9,103,13,249,18.6,83.4,3.0,4.0,5.0,0,0,0,0,60.0,90.0,1704.2
618,-603.5,648.0,185,28,106,17.1,137.0,3.0,4.0,5.0,0,0,0,0,60.0,90.0,376.7
619,409.8,-1.8,201,45,237,20.6,131.8,6.0,7.0,8.0,0,0,0,0,30.0,60.0,414.1
620,-827.8,-377.3,162,30,256,9.1,263.9,9.0,10.0,11.0,0,0,0,0,30.0,60.0,2158.8
621,683.4,-4.3,104,1,97,14.3,182.3,3.0,4.0,5.0,0,0,0,0,120.0,150.0,528.6
622,310.1,-882.6,201,22,338,21.0,234.9,12.0,13.0,14.0,0,0,0,0,120.0,150.0,405.9
623,127.7,314.3,109,23,243,9.4,303.0,9.0,10.0,11.0,0,0,0,0,90.0,120.0,3407.1
624,-370.8,-145.1,145,18,118,25.8,254.4,9.0,10.0,11.0,0,0,0,0,30.0,60.0,3087.7
625,447.2,-865.6,145,11,56,14.8,337.6,12.0,13.0,14.0,0,0,0,0,30.0,60.0,857.3
626,-13.8,443.5,101,29,176,12.7,49.5,3.0,4.0,5.0,0,0,0,0,120.0,150.0,25.8
627,449.4,-905.3,164,1,111,17.4,36.5,12.0,13.0,14.0,0,0,0,0,60.0,90.0,0.2
628,180.0,162.8,106,3,255,28.6,177.4,3.0,4.0,5.0,0,0,0,0,90.0,120.0,1780.5
629,-34.0,-600.8,149,44,148,21.5,4.6,3.0,4.0,5.0,0,0,0,0,30.0,60.0,1852.8
630,247.0,432.3,102,25,70,4.1,251.0,12.0,13.0,14.0,0,0,0,0,120.0,150.0,1.3
631,-742.2,366.9,123,17,114,15.6,97.3,3.0,4.0,5.0,0,0,0,0,30.0,60.0,1907.7
632,-440.1,-140.7,181,11,152,18.3,131.9,3.0,4.0,5.0,0,0,0,0,90.0,120.0,216.6
633,-858.9,938.5,189,26,115,5.7,235.6,9.0,10.0,11.0,0,0,0,0,30.0,60.0,562.0
634,605.2,-479.8,123,19,51,25.6,35.6,6.0,7.0,8.0,0,0,0,0,90.0,120.0,535.3
635,568.5,76.7,123,9,285,22.4,143.5,12.0,13.0,14.0,0,0,0,0,90.0,120.0,556.7
636,560.3,683.2,164,43,354,19.3,57.9,3.0,4.0,5.0,0,0,0,0,120.0,150.0,1071.5
637,724.1,-368.4,121,35,45,9.2,67.6,12.0,13.0,14.0,0,0,0,0,30.0,60.0,1273.2
638,-60.5,313.1,186,36,287,18.1,125.6,3.0,4.0,5.0,0,0,0,0,120.0,150.0,1005.0
639,-717.2,468.1,109,27,135,10.0,187.9,9.0,10.0,11.0,0,0,0,0,60.0,90.0,3419.5
640,579.2,541.5,165,32,209,6.7,19.0,12.0,13.0,14.0,0,0,0,0,30.0,60.0,1094.0
641,-350.2,-197.6,204,17,194,9.8,221.5,9.0,10.0,11.0,0,0,0,0,60.0,90.0,3327.0
642,371.8,125.0,201,22,269,5.4,17.8,9.0,10.0,11.0,0,0,0,0,60.0,90.0,1002.3
643,507.1,260.7,201,31,76,22.6,205.1,12.0,13.0,14.0,0,0,0,0,120.0,150.0,373.8
644,359.2,615.8,202,30,164,30.3,245.2,12.0,13.0,14.0,0,0,0,0,60.0,90.0,582.9
645,-691.9,245.3,149,8,144,26.9,164.0,3.0,4.0,5.0,0,0,0,0,30.0,60.0,2718.8
646,-594.5,-687.3,148,40,311,11.5,341.8,3.0,4.0,5.0,0,0,0,0,60.0,90.0,735.7
647,831.1,825.6,189,32,217,19.9,190.0,12.0,13.0,14.0,0,0,0,0,120.0,150.0,220.6
648,830.2,700.0,162,17,103,13.5,187.7,3.0,4.0,5.0,0,0,0,0,90.0,120.0,871.6
649,22.6,-478.1,203,22,266,16.7,78.4,9.0,10.0,11.0,0,0,0,0,120.0,150.0,1823.2
650,-936.2,-241.8,188,14,338,16.5,80.7,3.0,4.0,5.0,0,0,0,0,60.0,90.0,532.9
651,-377.7,-282.9,143,29,248,16.7,74.5,3.0,4.0,5.0,0,0,0,0,30.0,60.0,644.9
652,476.4,786.7,204,0,41,20.7,184.0,9.0,10.0,11.0,0,0,0,0,30.0,60.0,1019.2
653,44.7,-717.7,142,33,60,11.1,357.0,3.0,4.0,5.0,0,0,0,0,30.0,60.0,685.4
654,457.3,-69.1,185,7,58,24.3,32.8,3.0,4.0,5.0,0,0,0,0,30.0,60.0,606.5
655,-122.0,250.3,187,43,99,10.5,136.1,12.0,13.0,14.0,0,0,0,0,30.0,60.0,227.3
656,-265.6,-115.9,141,31,139,4.1,79.5,9.0,10.0,11.0,0,0,0,0,30.0,60.0,643.8
657,35.3,-704.6,106,23,201,6.4,35.5,12.0,13.0,14.0,0,0,0,0,60.0,90.0,3419.5
658,612.5,-936.2,161,36,192,1.1,282.8,12.0,13.0,14.0,0,0,0,0,90.0,120.0,50.0
659,-759.3,-792.7,148,25,85,18.0,164.2,3.0,4.0,5.0,0,0,0,0,30.0,60.0,1320.1
660,-308.3,-304.6,104,38,78,25.4,265.2,6.0,7.0,8.0,0,0,0,0,90.0,120.0,1779.6
661,-128.1,576.1,182,29,9,1.0,273.9,9.0,10.0,11.0,0,0,0,0,120.0,150.0,109.6
662,196.1,-9.5,201,25,349,7.6,323.8,9.0,10.0,11.0,0,0,0,0,30.0,60.0,916.3
663,440.1,658.1,105,10,29,13.6,155.0,6.0,7.0,8.0,0,0,0,0,120.0,150.0,320.7
664,-84.1,-227.7,183,39,261,10.6,175.4,9.0,10.0,11.0,0,0,0,0,90.0,120.0,262.0
665,-474.3,202.1,142,29,336,7.8,144.4,12.0,13.0,14.0,0,0,0,0,120.0,150.0,22.0
666,-865.3,920.5,105,16,135,23.5,285.6,12.0,13.0,14.0,0,0,0,0,30.0,60.0,2740.1
667,123.5,-844.9,101,3,5,26.0,122.0,12.0,13.0,14.0,0,0,0,0,120.0,150.0,6.2
668,-88.7,-72.2,162,7,297,14.0,251.1,9.0,10.0,11.0,0,0,0,0,30.0,60.0,1491.4
669,370.5,861.7,162,33,166,26.8,14.8,12.0,13.0,14.0,0,0,0,0,60.0,90.0,1224.9
670,909.1,-745.0,105,28,120,1.9,151.8,6.0,7.0,8.0,0,0,0,0,90.0,120.0,3419.5
671,862.4,716.5,103,24,41,6.7,342.7,3.0,4.0,5.0,0,0,0,0,60.0,90.0,3419.5
672,-62.5,860.7,124,10,146,25.7,142.5,12.0,13.0,14.0,0,0,0,0,60.0,90.0,702.5
673,849.5,-477.9,185,18,240,4.0,188.8,12.0,13.0,14.0,0,0,0,0,30.0,60.0,449.9
674,-672.2,-734.5,101,15,53,28.8,118.2,3.0,4.0,5.0,0,0,0,0,90.0,120.0,1016.1
675,354.9,69.8,144,33,25,29.6,190.5,9.0,10.0,11.0,0,0,0,0,60.0,90.0,1099.1
676,265.6,-416.8,124,15,208,22.3,30.2,6.0,7.0,8.0,0,0,0,0,120.0,150.0,286.7
677,-43.7,-511.8,143,30,301,1.4,12.3,12.0,13.0,14.0,0,0,0,0,30.0,60.0,771.3
678,442.6,-123.6,203,15,233,16.9,351.7,6.0,7.0,8.0,0,0,0,0,120.0,150.0,1669.7
679,181.1,192.1,146,22,279,17.6,296.1,3.0,4.0,5.0,0,0,0,0,60.0,90.0,1092.6
680,-176.8,-111.1,162,8,43,27.5,138.5,12.0,13.0,14.0,0,0,0,0,30.0,60.0,827.8
681,-658.8,883.2,162,5,272,4.9,342.3,9.0,10.0,11.0,0,0,0,0,120.0,150.0,2112.5
682,-520.9,-737.1,187,38,294,6.9,49.2,9.0,10.0,11.0,0,0,0,0,90.0,120.0,295.8
683,-557.9,609.3,146,5,150,23.8,224.2,12.0,13.0,14.0,0,0,0,0,90.0,120.0,785.3
684,572.7,901.3,124,38,273,0.1,103.5,6.0,7.0,8.0,0,0,0,0,30.0,60.0,2141.4
685,953.0,716.3,107,45,160,28.2,130.9,3.0,4.0,5.0,0,0,0,0,90.0,120.0,2552.6
686,-708.0,-902.1,203,7,46,7.6,157.9,6.0,7.0,8.0,0,0,0,0,90.0,120.0,3263.9
687,285.6,918.3,189,35,142,9.3,242.2,6.0,7.0,8.0,0,0,0,0,120.0,150.0,517.3
688,-338.2,589.3,181,11,213,10.2,356.1,9.0,10.0,11.0,0,0,0,0,90.0,120.0,39.4
689,171.5,231.8,141,26,161,22.2,32.5,9.0,10.0,11.0,0,0,0,0,30.0,60.0,754.8
690,-315.3,-117.5,187,38,27,28.8,246.2,3.0,4.0,5.0,0,0,0,0,90.0,120.0,572.0
691,-2.2,949.3,109,11,341,6.0,104.7,3.0,4.0,5.0,0,0,0,0,30.0,60.0,3419.5
692,-466.3,567.4,161,25,248,6.3,332.2,3.0,4.0,5.0,0,0,0,0,30.0,60.0,1172.2
693,717.2,-292.3,144,29,72,30.2,35.4,6.0,7.0,8.0,0,0,0,0,90.0,120.0,723.2
694,800.3,499.3,185,14,174,9.6,241.7,6.0,7.0,8.0,0,0,0,0,60.0,90.0,517.5
695,-834.0,456.8,148,37,98,15.9,17.8,3.0,4.0,5.0,0,0,0,0,90.0,120.0,661.2
696,-409.5,-82.7,122,17,29,0.9,138.6,12.0,13.0,14.0,0,0,0,0,60.0,90.0,718.6
697,-940.7,222.5,146,8,347,27.5,68.9,6.0,7.0,8.0,0,0,0,0,120.0,150.0,435.9
698,-363.1,797.0,149,43,178,22.6,276.5,9.0,10.0,11.0,0,0,0,0,120.0,150.0,661.2
699,732.1,81.0,144,42,44,17.4,84.6,6.0,7.0,8.0,0,0,0,0,120.0,150.0,941.4
700,673.0,644.9,201,30,267,19.6,219.9,3.0,4.0,5.0,0,0,0,0,90.0,120.0,335.1
701,-436.4,-275.9,201,45,145,22.4,245.0,6.0,7.0,8.0,0,0,0,0,120.0,150.0,621.1
702,-710.1,-777.0,189,42,34,30.8,133.7,9.0,10.0,11.0,0,0,0,0,30.0,60.0,280.4
703,736.7,-237.3,103,26,297,3.7,28.5,12.0,13.0,14.0,0,0,0,0,60.0,90.0,3333.9
704,427.9,232.2,106,39,98,25.4,56.0,6.0,7.0,8.0,0,0,0,0,120.0,150.0,23.1
705,-21.6,-828.6,101,4,190,21.7,334.6,3.0,4.0,5.0,0,0,0,0,120.0,150.0,31.1
706,-431.0,-893.3,121,18,99,7.0,55.7,12.0,13.0,14.0,0,0,0,0,120.0,150.0,48.9
707,-284.7,358.0,186,10,281,29.8,318.3,3.0,4.0,5.0,0,0,0,0,30.0,60.0,896.0
708,316.7,-957.3,165,40,286,25.4,53.4,6.0,7.0,8.0,0,0,0,0,60.0,90.0,218.8
709,680.5,78.0,203,15,5,17.7,205.1,9.0,10.0,11.0,0,0,0,0,120.0,150.0,1265.9
710,-562.7,109.0,121,27,189,8.3,280.7,12.0,13.0,14.0,0,0,0,0,120.0,150.0,29.4
711,-313.0,72.1,145,31,234,22.8,332.4,6.0,7.0,8.0,0,0,0,0,120.0,150.0,1848.8
712,-379.2,-454.5,144,19,53,25.5,343.7,12.0,13.0,14.0,0,0,0,0,30.0,60.0,1502.5
713,756.4,-285.1,145,19,357,14.7,33.9,6.0,7.0,8.0,0,0,0,0,90.0,120.0,1557.7
714,444.5,747.8,109,37,53,0.2,151.6,3.0,4.0,5.0,0,0,0,0,120.0,150.0,1440.7
715,-143.6,260.1,204,21,37,17.1,64.1,9.0,10.0,11.0,0,0,0,0,120.0,150.0,1635.5
716,-552.1,916.0,163,9,322,17.5,142.0,12.0,13.0,14.0,0,0,0,0,120.0,150.0,313.8
717,166.3,-20.4,124,19,350,2.4,198.8,12.0,13.0,14.0,0,0,0,0,30.0,60.0,3419.3
718,395.1,36.0,203,1,351,5.4,86.6,9.0,10.0,11.0,0,0,0,0,120.0,150.0,3265.6
719,-428.0,258.8,162,25,285,8.6,312.3,9.0,10.0,11.0,0,0,0,0,30.0,60.0,1912.4
720,-612.9,160.0,188,4,76,12.9,37.9,12.0,13.0,14.0,0,0,0,0,60.0,90.0,737.7
721,-17.3,705.0,102,20,196,1.4,158.0,6.0,7.0,8.0,0,0,0,0,60.0,90.0,2813.5
722,60.0,-644.3,141,23,29,8.8,300.2,6.0,7.0,8.0,0,0,0,0,90.0,120.0,244.9
723,828.5,294.3,185,6,319,14.7,312.0,3.0,4.0,5.0,0,0,0,0,30.0,60.0,649.2
724,452.6,528.5,121,13,310,26.6,279.2,3.0,4.0,5.0,0,0,0,0,120.0,150.0,167.0
725,155.4,655.8,123,26,89,13.6,345.1,9.0,10.0,11.0,0,0,0,0,90.0,120.0,1090.0
726,-570.2,44.4,183,12,19,0.5,207.4,3.0,4.0,5.0,0,0,0,0,90.0,120.0,118.3
727,251.2,327.1,203,40,343,10.1,211.2,6.0,7.0,8.0,0,0,0,0,90.0,120.0,2213.9
728,771.8,34.4,143,27,245,30.8,134.7,3.0,4.0,5.0,0,0,0,0,120.0,150.0,495.3
729,145.3,774.8,121,0,5,6.9,22.7,9.0,10.0,11.0,0,0,0,0,60.0,90.0,1543.2
730,173.9,-483.2,143,23,204,4.8,347.9,12.0,13.0,14.0,0,0,0,0,120.0,150.0,125.0
731,-262.2,-248.9,107,24,126,18.3,155.8,9.0,10.0,11.0,0,0,0,0,30.0,60.0,3132.4
732,595.4,-822.3,164,20,327,26.7,245.7,12.0,13.0,14.0,0,0,0,0,30.0,60.0,0.2
733,447.1,-316.5,164,9,105,26.5,141.0,12.0,13.0,14.0,0,0,0,0,60.0,90.0,0.2
734,-790.8,-775.4,104,18,330,2.7,252.6,9.0,10.0,11.0,0,0,0,0,120.0,150.0,141.4
735,380.1,824.1,141,41,86,6.3,334.2,3.0,4.0,5.0,0,0,0,0,90.0,120.0,263.8
736,-438.1,-547.3,186,42,126,17.3,244.4,12.0,13.0,14.0,0,0,0,0,90.0,120.0,729.0
737,937.9,-342.7,121,27,352,9.6,184.2,6.0,7.0,8.0,0,0,0,0,30.0,60.0,2394.5
738,882.2,-260.1,146,19,130,11.1,302.2,3.0,4.0,5.0,0,0,0,0,120.0,150.0,1349.0
739,164.3,275.6,183,31,277,16.6,252.3,6.0,7.0,8.0,0,0,0,0,60.0,90.0,240.9
740,-840.3,-52.4,181,9,102,8.0,214.1,3.0,4.0,5.0,0,0,0,0,90.0,120.0,83.4
741,410.6,170.8,188,1,14,0.9,280.3,3.0,4.0,5.0,0,0,0,0,120.0,150.0,1134.0
742,575.4,435.0,186,33,83,4.0,132.1,9.0,10.0,11.0,0,0,0,0,120.0,150.0,1169.1
743,-821.8,98.5,142,20,325,22.7,37.6,3.0,4.0,5.0,0,0,0,0,120.0,150.0,218.8
744,-660.6,79.7,143,9,15,30.7,227.9,6.0,7.0,8.0,0,0,0,0,90.0,120.0,646.7
745,460.3,431.2,203,29,76,16.8,182.3,6.0,7.0,8.0,0,0,0,0,90.0,120.0,1620.8
746,227.2,567.4,108,28,275,8.6,26.4,9.0,10.0,11.0,0,0,0,0,30.0,60.0,3419.5
747,-733.0,-180.6,148,17,37,25.1,323.1,3.0,4.0,5.0,0,0,0,0,90.0,120.0,1252.1
748,268.9,-399.5,106,13,100,4.3,86.7,12.0,13.0,14.0,0,0,0,0,90.0,120.0,2996.3
749,471.0,565.5,103,11,292,26.9,297.3,3.0,4.0,5.0,0,0,0,0,90.0,120.0,1122.2
750,-516.6,-51.0,181,18,231,24.1,213.8,6.0,7.0,8.0,0,0,0,0,90.0,120.0,148.3
751,-240.7,-781.0,103,18,207,0.7,92.7,9.0,10.0,11.0,0,0,0,0,30.0,60.0,3419.5
752,563.1,548.0,122,1,119,26.3,120.5,9.0,10.0,11.0,0,0,0,0,60.0,90.0,1058.4
753,818.7,-114.5,144,12,169,16.9,124.7,3.0,4.0,5.0,0,0,0,0,30.0,60.0,2521.3
754,-905.7,474.1,164,5,265,8.0,171.3,6.0,7.0,8.0,0,0,0,0,60.0,90.0,1202.0
755,448.5,923.2,105,34,353,4.5,102.4,9.0,10.0,11.0,0,0,0,0,60.0,90.0,3419.5
756,-76.7,717.6,204,29,145,24.5,44.9,12.0,13.0,14.0,0,0,0,0,30.0,60.0,2006.2
757,755.6,-121.8,105,3,115,20.6,57.8,6.0,7.0,8.0,0,0,0,0,90.0,120.0,1673.5
758,427.1,730.8,105,10,114,29.7,139.6,9.0,10.0,11.0,0,0,0,0,30.0,60.0,2270.2
759,0.2,-619.2,181,8,54,3.6,118.6,3.0,4.0,5.0,0,0,0,0,30.0,60.0,49.4
760,-515.7,-140.5,201,39,157,16.2,255.1,12.0,13.0,14.0,0,0,0,0,120.0,150.0,626.0
761,884.0,-805.1,189,33,50,21.1,99.5,12.0,13.0,14.0,0,0,0,0,60.0,90.0,795.7
762,-526.1,438.0,145,25,305,10.6,60.0,3.0,4.0,5.0,0,0,0,0,60.0,90.0,3267.2
763,-622.8,733.8,182,19,165,25.9,281.6,3.0,4.0,5.0,0,0,0,0,90.0,120.0,412.3
764,211.1,-942.1,143,38,348,6.8,217.3,3.0,4.0,5.0,0,0,0,0,60.0,90.0,476.1
765,-928.7,-291.1,144,3,106,26.4,137.9,3.0,4.0,5.0,0,0,0,0,30.0,60.0,0.0
766,522.6,-390.5,204,31,188,26.2,107.3,9.0,10.0,11.0,0,0,0,0,120.0,150.0,2748.4
767,652.8,2.1,146,13,178,23.4,56.2,3.0,4.0,5.0,0,0,0,0,30.0,60.0,1813.6
768,-14.3,-739.1,145,3,92,25.2,225.4,6.0,7.0,8.0,0,0,0,0,60.0,90.0,2914.5
769,648.0,-323.4,204,1,164,9.8,7.3,6.0,7.0,8.0,0,0,0,0,90.0,120.0,3393.1
770,691.5,202.3,101,10,26,1.4,87.0,6.0,7.0,8.0,0,0,0,0,60.0,90.0,1760.3
771,-44.7,471.5,161,17,66,11.3,120.7,9.0,10.0,11.0,0,0,0,0,90.0,120.0,58.9
772,754.2,867.7,181,44,215,18.7,19.2,6.0,7.0,8.0,0,0,0,0,30.0,60.0,28.7
773,328.5,-590.5,162,31,66,3.1,247.2,12.0,13.0,14.0,0,0,0,0,30.0,60.0,1507.2
774,325.9,-477.8,161,25,325,3.1,161.4,9.0,10.0,11.0,0,0,0,0,120.0,150.0,12.2
775,-888.7,-650.4,144,22,117,19.7,49.2,6.0,7.0,8.0,0,0,0,0,60.0,90.0,581.1
776,563.0,787.3,122,11,160,27.9,151.0,9.0,10.0,11.0,0,0,0,0,30.0,60.0,1143.6
777,458.0,180.6,106,32,267,16.2,36.5,12.0,13.0,14.0,0,0,0,0,120.0,150.0,4.4
778,332.3,-519.9,147,39,258,19.3,11.2,12.0,13.0,14.0,0,0,0,0,90.0,120.0,352.9
779,720.6,-932.2,121,21,224,22.7,299.1,12.0,13.0,14.0,0,0,0,0,30.0,60.0,510.8
780,-251.1,740.2,149,34,110,28.6,335.2,9.0,10.0,11.0,0,0,0,0,30.0,60.0,3258.5
781,-552.0,340.2,142,16,314,2.6,312.4,3.0,4.0,5.0,0,0,0,0,60.0,90.0,1870.1
782,-580.9,-683.8,102,43,181,18.2,184.7,3.0,4.0,5.0,0,0,0,0,90.0,120.0,1743.6
783,-744.3,-849.1,144,3,267,14.6,311.7,6.0,7.0,8.0,0,0,0,0,60.0,90.0,1482.9
784,686.7,-139.3,143,10,148,13.6,296.2,12.0,13.0,14.0,0,0,0,0,60.0,90.0,322.5
785,-381.3,415.2,147,26,49,20.9,149.2,12.0,13.0,14.0,0,0,0,0,90.0,120.0,567.1
786,434.6,168.7,105,39,195,29.8,54.1,3.0,4.0,5.0,0,0,0,0,30.0,60.0,3213.2
787,243.7,394.5,143,19,358,6.9,66.1,9.0,10.0,11.0,0,0,0,0,30.0,60.0,1241.4
788,405.2,790.5,106,36,82,17.9,321.1,12.0,13.0,14.0,0,0,0,0,30.0,60.0,3392.6
789,556.7,740.3,124,6,16,19.5,183.3,3.0,4.0,5.0,0,0,0,0,60.0,90.0,720.6
790,-898.1,-42.9,106,42,268,0.3,173.4,6.0,7.0,8.0,0,0,0,0,30.0,60.0,3419.5
791,-88.4,-233.7,187,21,3,11.0,12.6,12.0,13.0,14.0,0,0,0,0,90.0,120.0,377.4
792,87.4,-538.6,107,9,74,21.3,79.3,3.0,4.0,5.0,0,0,0,0,60.0,90.0,3245.4
793,-254.4,-744.9,105,21,90,12.0,163.0,6.0,7.0,8.0,0,0,0,0,120.0,150.0,727.9
794,-551.9,61.8,184,28,324,3.4,77.6,12.0,13.0,14.0,0,0,0,0,120.0,150.0,224.0
795,-641.7,-228.5,183,24,32,4.5,19.2,6.0,7.0,8.0,0,0,0,0,120.0,150.0,238.0
796,-370.3,21.0,161,7,263,11.2,312.8,12.0,13.0,14.0,0,0,0,0,60.0,90.0,90.1
797,-33.7,613.3,123,8,90,23.3,1.6,12.0,13.0,14.0,0,0,0,0,120.0,150.0,192.4
798,530.1,-486.2,124,0,360,23.2,251.0,3.0,4.0,5.0,0,0,0,0,30.0,60.0,1595.5
799,-192.5,764.6,124,14,141,17.5,220.4,9.0,10.0,11.0,0,0,0,0,120.0,150.0,227.7
800,793.8,-288.0,188,20,199,6.3,105.5,6.0,7.0,8.0,0,0,0,0,60.0,90.0,1468.9
801,-787.9,809.5,146,19,359,9.9,254.2,12.0,13.0,14.0,0,0,0,0,120.0,150.0,2216.6
802,-735.0,-16.0,142,19,282,8.3,188.0,6.0,7.0,8.0,0,0,0,0,120.0,150.0,161.7
803,396.3,-942.5,143,26,9,6.6,303.6,6.0,7.0,8.0,0,0,0,0,90.0,120.0,318.5
804,-328.8,438.5,185,41,97,26.5,155.3,12.0,13.0,14.0,0,0,0,0,90.0,120.0,239.3
805,660.1,138.7,182,0,254,0.4,46.3,9.0,10.0,11.0,0,0,0,0,90.0,120.0,26.5
806,591.7,-439.2,102,43,32,4.6,291.6,9.0,10.0,11.0,0,0,0,0,60.0,90.0,1720.7
807,863.0,-381.4,143,11,264,1.3,330.1,9.0,10.0,11.0,0,0,0,0,60.0,90.0,201.5
808,201.7,577.5,102,28,188,29.3,288.8,12.0,13.0,14.0,0,0,0,0,60.0,90.0,881.1
809,-258.6,-32.0,101,30,21,12.5,102.6,3.0,4.0,5.0,0,0,0,0,120.0,150.0,51.4
810,325.4,890.3,204,28,47,1.8,257.3,6.0,7.0,8.0,0,0,0,0,30.0,60.0,3419.5
811,-133.0,-936.8,185,28,140,1.6,301.5,3.0,4.0,5.0,0,0,0,0,90.0,120.0,1428.7
812,438.3,437.2,145,0,281,2.2,194.1,12.0,13.0,14.0,0,0,0,0,30.0,60.0,3419.5
813,908.5,298.7,108,33,267,1.3,273.3,6.0,7.0,8.0,0,0,0,0,90.0,120.0,2872.0
814,231.7,40.4,141,10,161,20.7,206.6,6.0,7.0,8.0,0,0,0,0,30.0,60.0,765.7
815,-954.2,-625.7,161,26,333,25.0,119.8,9.0,10.0,11.0,0,0,0,0,60.0,90.0,120.8
816,723.1,53.5,105,43,158,25.4,175.3,9.0,10.0,11.0,0,0,0,0,30.0,60.0,2504.6
817,-144.4,-548.6,144,42,182,27.5,159.8,6.0,7.0,8.0,0,0,0,0,60.0,90.0,2392.3
818,725.0,-182.5,181,24,115,17.1,335.4,12.0,13.0,14.0,0,0,0,0,60.0,90.0,34.0
819,569.4,-773.3,181,36,80,10.4,99.1,3.0,4.0,5.0,0,0,0,0,90.0,120.0,279.5
820,159.7,-611.9,188,45,149,4.8,310.0,6.0,7.0,8.0,0,0,0,0,120.0,150.0,850.7
821,653.9,-738.2,161,0,301,9.3,61.9,6.0,7.0,8.0,0,0,0,0,60.0,90.0,559.5
822,487.4,62.6,182,30,63,13.4,14.7,9.0,10.0,11.0,0,0,0,0,60.0,90.0,170.4
823,-647.9,-163.9,183,22,175,14.1,292.6,9.0,10.0,11.0,0,0,0,0,60.0,90.0,221.1
824,-226.4,-105.0,144,1,42,7.2,121.4,9.0,10.0,11.0,0,0,0,0,120.0,150.0,1034.6
825,-891.9,127.2,165,9,312,30.8,17.5,12.0,13.0,14.0,0,0,0,0,60.0,90.0,592.2
826,-786.2,333.1,162,6,193,30.7,283.0,3.0,4.0,5.0,0,0,0,0,90.0,120.0,1620.1
827,-603.4,719.2,106,39,225,1.4,219.2,3.0,4.0,5.0,0,0,0,0,90.0,120.0,2106.5
828,862.5,622.0,189,11,268,13.6,282.5,6.0,7.0,8.0,0,0,0,0,90.0,120.0,656.3
829,-412.7,-119.2,165,32,179,9.8,267.4,3.0,4.0,5.0,0,0,0,0,90.0,120.0,1390.4
830,-726.9,-869.5,141,43,188,26.3,58.8,6.0,7.0,8.0,0,0,0,0,60.0,90.0,249.1
831,-760.9,879.6,148,0,243,20.5,261.0,12.0,13.0,14.0,0,0,0,0,60.0,90.0,1281.4
832,53.6,223.3,108,40,85,0.6,284.5,9.0,10.0,11.0,0,0,0,0,90.0,120.0,2874.4
833,-308.3,301.9,162,28,72,19.4,99.3,12.0,13.0,14.0,0,0,0,0,90.0,120.0,473.3
834,885.5,-412.0,165,33,266,25.7,69.5,6.0,7.0,8.0,0,0,0,0,30.0,60.0,1255.6
835,182.9,866.6,162,11,294,20.8,358.8,12.0,13.0,14.0,0,0,0,0,90.0,120.0,1161.3
836,-27.8,-240.3,182,33,176,14.7,220.9,9.0,10.0,11.0,0,0,0,0,120.0,150.0,197.7
837,166.1,-909.9,162,7,209,13.4,260.3,9.0,10.0,11.0,0,0,0,0,120.0,150.0,1061.3
838,240.0,163.5,163,12,333,16.0,354.3,9.0,10.0,11.0,0,0,0,0,120.0,150.0,885.1
839,728.5,-695.0,107,18,130,19.6,6.1,9.0,10.0,11.0,0,0,0,0,90.0,120.0,610.0
840,336.3,-9.2,164,19,197,8.4,243.1,3.0,4.0,5.0,0,0,0,0,120.0,150.0,1327.5
841,587.9,627.0,186,35,338,9.1,83.2,9.0,10.0,11.0,0,0,0,0,30.0,60.0,1124.4
842,-169.7,93.3,123,10,12,16.3,238.2,3.0,4.0,5.0,0,0,0,0,120.0,150.0,513.1
843,-131.8,-437.6,185,15,224,10.8,93.5,6.0,7.0,8.0,0,0,0,0,90.0,120.0,812.4
844,-645.0,-453.5,202,4,2,25.3,268.0,12.0,13.0,14.0,0,0,0,0,90.0,120.0,1096.2
845,955.1,-924.4,124,30,129,6.9,155.6,12.0,13.0,14.0,0,0,0,0,120.0,150.0,781.0
846,-913.4,-539.5,121,41,55,21.6,256.2,9.0,10.0,11.0,0,0,0,0,30.0,60.0,2570.2
847,759.8,-770.6,164,17,217,17.9,286.2,12.0,13.0,14.0,0,0,0,0,90.0,120.0,0.2
848,45.4,-735.9,184,42,129,27.8,346.9,12.0,13.0,14.0,0,0,0,0,30.0,60.0,184.4
849,-818.0,102.6,182,23,21,12.2,353.2,12.0,13.0,14.0,0,0,0,0,60.0,90.0,123.0
850,89.3,-943.5,202,31,240,13.3,356.2,6.0,7.0,8.0,0,0,0,0,120.0,150.0,1002.3
851,-941.3,-436.9,203,2,147,23.9,217.3,6.0,7.0,8.0,0,0,0,0,120.0,150.0,1994.0
852,-573.9,-69.2,165,31,143,17.1,172.0,12.0,13.0,14.0,0,0,0,0,120.0,150.0,449.2
853,-697.5,-530.9,185,12,184,22.5,157.6,9.0,10.0,11.0,0,0,0,0,90.0,120.0,557.8
854,-779.2,808.8,109,0,39,29.1,253.7,9.0,10.0,11.0,0,0,0,0,60.0,90.0,3419.5
855,-681.6,775.1,204,37,70,28.7,152.7,9.0,10.0,11.0,0,0,0,0,120.0,150.0,1186.7
856,467.7,46.4,124,44,337,26.7,297.6,9.0,10.0,11.0,0,0,0,0,90.0,120.0,443.5
857,-294.1,-364.7,203,1,0,13.9,142.4,6.0,7.0,8.0,0,0,0,0,120.0,150.0,2385.4
858,-767.6,297.9,122,32,181,8.6,212.6,9.0,10.0,11.0,0,0,0,0,30.0,60.0,2029.6
859,-603.8,800.6,204,43,303,9.5,91.1,3.0,4.0,5.0,0,0,0,0,60.0,90.0,3419.5
860,388.4,157.3,185,33,29,25.7,109.3,12.0,13.0,14.0,0,0,0,0,120.0,150.0,404.1
861,-86.3,856.4,147,28,93,3.5,319.0,6.0,7.0,8.0,0,0,0,0,30.0,60.0,3419.5
862,30.2,-675.4,165,30,360,26.6,63.6,12.0,13.0,14.0,0,0,0,0,120.0,150.0,413.7
863,-523.9,-608.1,184,15,281,1.5,234.8,12.0,13.0,14.0,0,0,0,0,30.0,60.0,104.5
864,365.1,52.0,106,23,149,4.3,146.8,12.0,13.0,14.0,0,0,0,0,60.0,90.0,3419.5
865,123.1,919.9,123,22,250,1.6,354.3,6.0,7.0,8.0,0,0,0,0,90.0,120.0,918.9
866,719.3,-511.0,141,27,161,13.3,61.4,12.0,13.0,14.0,0,0,0,0,60.0,90.0,236.6
867,276.8,926.6,107,18,134,24.4,9.4,3.0,4.0,5.0,0,0,0,0,120.0,150.0,1073.9
868,188.4,-918.7,183,3,322,28.8,147.6,12.0,13.0,14.0,0,0,0,0,30.0,60.0,302.7
869,-317.5,-677.0,161,37,239,19.5,102.1,3.0,4.0,5.0,0,0,0,0,60.0,90.0,706.8
870,759.4,389.7,148,23,4,21.8,215.6,3.0,4.0,5.0,0,0,0,0,120.0,150.0,503.5
871,-774.1,879.1,202,39,318,22.3,69.8,12.0,13.0,14.0,0,0,0,0,60.0,90.0,726.3
872,-758.9,935.7,141,21,187,21.0,279.6,9.0,10.0,11.0,0,0,0,0,30.0,60.0,914.3
873,-683.7,755.0,123,18,140,27.5,98.2,12.0,13.0,14.0,0,0,0,0,60.0,90.0,706.1
874,-267.6,125.9,164,13,281,4.4,247.2,6.0,7.0,8.0,0,0,0,0,60.0,90.0,2109.2
875,-504.1,-681.0,103,0,132,8.2,29.3,12.0,13.0,14.0,0,0,0,0,90.0,120.0,1661.5
876,359.5,-517.0,201,10,53,29.6,317.8,9.0,10.0,11.0,0,0,0,0,30.0,60.0,406.3
877,-781.6,-220.6,123,26,357,14.9,197.4,12.0,13.0,14.0,0,0,0,0,90.0,120.0,1113.5
878,-853.6,827.9,103,19,316,10.7,231.1,9.0,10.0,11.0,0,0,0,0,90.0,120.0,2139.2
879,-177.7,160.4,189,45,355,9.3,197.6,6.0,7.0,8.0,0,0,0,0,60.0,90.0,1068.6
880,-674.3,826.3,188,14,241,28.7,269.1,9.0,10.0,11.0,0,0,0,0,30.0,60.0,654.3
881,-593.9,756.5,124,16,198,18.9,358.7,3.0,4.0,5.0,0,0,0,0,60.0,90.0,2143.7
882,800.1,-615.2,145,12,290,27.3,303.3,3.0,4.0,5.0,0,0,0,0,120.0,150.0,1184.3
883,240.0,-440.5,186,33,91,6.4,333.3,6.0,7.0,8.0,0,0,0,0,120.0,150.0,1114.0
884,677.8,83.7,106,5,180,12.1,178.3,9.0,10.0,11.0,0,0,0,0,60.0,90.0,3419.5
885,127.0,623.9,165,5,24,23.1,137.7,12.0,13.0,14.0,0,0,0,0,90.0,120.0,395.4
886,-247.5,408.8,108,15,90,18.8,100.7,12.0,13.0,14.0,0,0,0,0,90.0,120.0,1299.7
887,-167.9,452.0,103,37,28,24.1,2.3,9.0,10.0,11.0,0,0,0,0,120.0,150.0,119.0
888,923.7,-501.5,201,37,359,4.9,218.5,3.0,4.0,5.0,0,0,0,0,90.0,120.0,720.6
889,683.2,-955.7,184,2,104,15.1,168.2,12.0,13.0,14.0,0,0,0,0,90.0,120.0,434.1
890,394.6,293.5,107,19,243,19.2,309.0,12.0,13.0,14.0,0,0,0,0,120.0,150.0,356.5
891,-366.4,183.2,186,5,234,0.6,208.9,3.0,4.0,5.0,0,0,0,0,120.0,150.0,802.6
892,509.0,-489.0,181,6,68,4.9,182.7,3.0,4.0,5.0,0,0,0,0,90.0,120.0,54.3
893,731.9,126.2,123,7,284,5.7,81.3,3.0,4.0,5.0,0,0,0,0,30.0,60.0,3419.5
894,-245.4,-295.0,148,27,156,20.1,181.5,6.0,7.0,8.0,0,0,0,0,30.0,60.0,1690.0
895,-151.9,712.1,141,14,353,24.2,262.8,9.0,10.0,11.0,0,0,0,0,30.0,60.0,736.1
896,498.1,555.5,146,2,53,4.2,360.0,6.0,7.0,8.0,0,0,0,0,30.0,60.0,3419.5
897,-9.5,-118.3,104,29,359,15.9,309.7,3.0,4.0,5.0,0,0,0,0,120.0,150.0,967.4
898,101.2,-235.5,185,43,70,2.1,31.9,6.0,7.0,8.0,0,0,0,0,30.0,60.0,570.7
899,-358.5,-809.8,106,21,343,17.7,176.7,9.0,10.0,11.0,0,0,0,0,90.0,120.0,2686.1
900,855.0,47.8,202,36,58,7.7,346.3,12.0,13.0,14.0,0,0,0,0,90.0,120.0,1451.3
901,57.5,87.5,104,22,189,18.4,337.9,9.0,10.0,11.0,0,0,0,0,30.0,60.0,3143.8
902,-40.6,512.8,201,19,133,9.8,240.4,6.0,7.0,8.0,0,0,0,0,120.0,150.0,923.4
903,-612.5,-0.5,146,26,288,28.9,166.5,12.0,13.0,14.0,0,0,0,0,60.0,90.0,975.9
904,578.4,842.2,187,11,258,1.6,20.7,12.0,13.0,14.0,0,0,0,0,120.0,150.0,122.5
905,526.6,-357.9,148,25,130,25.1,6.0,6.0,7.0,8.0,0,0,0,0,60.0,90.0,964.3
906,262.7,-513.9,186,37,183,14.1,125.4,9.0,10.0,11.0,0,0,0,0,90.0,120.0,898.5
907,-622.3,210.2,141,40,120,8.1,153.1,12.0,13.0,14.0,0,0,0,0,120.0,150.0,49.4
908,-514.4,-122.7,108,33,232,3.9,94.1,9.0,10.0,11.0,0,0,0,0,30.0,60.0,3419.5
909,-532.0,128.9,201,8,333,12.7,152.6,9.0,10.0,11.0,0,0,0,0,120.0,150.0,764.6
910,560.6,-506.2,101,24,192,13.0,233.0,9.0,10.0,11.0,0,0,0,0,120.0,150.0,30.5
911,-202.1,288.7,201,5,315,11.4,255.3,12.0,13.0,14.0,0,0,0,0,30.0,60.0,963.0
912,627.1,-7.2,165,21,343,8.3,263.5,9.0,10.0,11.0,0,0,0,0,120.0,150.0,738.3
913,323.3,-326.5,121,14,132,30.2,288.9,9.0,10.0,11.0,0,0,0,0,30.0,60.0,988.5
914,54.0,-185.0,182,14,201,9.4,121.8,3.0,4.0,5.0,0,0,0,0,90.0,120.0,239.1
915,-768.8,-862.8,121,2,358,16.6,35.2,3.0,4.0,5.0,0,0,0,0,60.0,90.0,620.7
916,-565.6,637.0,202,19,118,13.2,40.6,9.0,10.0,11.0,0,0,0,0,90.0,120.0,1283.0
917,474.0,-32.0,124,40,176,24.0,249.8,9.0,10.0,11.0,0,0,0,0,30.0,60.0,1297.7
918,676.2,-780.7,146,4,335,4.6,345.0,3.0,4.0,5.0,0,0,0,0,120.0,150.0,1953.5
919,775.5,-584.9,165,13,217,20.8,51.8,3.0,4.0,5.0,0,0,0,0,60.0,90.0,904.7
920,10.6,-248.3,142,27,68,5.6,131.7,9.0,10.0,11.0,0,0,0,0,30.0,60.0,513.1
921,175.8,453.2,105,33,304,5.4,70.9,3.0,4.0,5.0,0,0,0,0,30.0,60.0,3419.5
922,-249.5,-929.5,161,45,189,19.8,238.3,6.0,7.0,8.0,0,0,0,0,120.0,150.0,111.6
923,-785.5,-204.4,107,32,137,26.2,58.5,9.0,10.0,11.0,0,0,0,0,60.0,90.0,2454.3
924,-486.5,351.3,185,2,359,18.6,248.7,12.0,13.0,14.0,0,0,0,0,90.0,120.0,711.4
925,713.7,209.4,142,44,92,19.1,37.0,12.0,13.0,14.0,0,0,0,0,90.0,120.0,243.7
926,242.9,-877.6,187,34,59,3.7,342.2,6.0,7.0,8.0,0,0,0,0,120.0,150.0,342.9
927,-607.4,-295.4,148,12,358,13.6,244.2,6.0,7.0,8.0,0,0,0,0,90.0,120.0,2024.5
928,28.5,660.6,161,14,302,15.5,31.2,9.0,10.0,11.0,0,0,0,0,120.0,150.0,46.7
929,213.7,-438.4,141,4,355,14.7,301.9,12.0,13.0,14.0,0,0,0,0,90.0,120.0,65.8
930,176.7,325.4,109,40,184,3.7,115.5,3.0,4.0,5.0,0,0,0,0,60.0,90.0,3419.5
931,254.7,362.4,103,36,112,5.1,44.0,9.0,10.0,11.0,0,0,0,0,90.0,120.0,2338.0
932,-32.2,31.2,146,8,291,28.7,34.3,6.0,7.0,8.0,0,0,0,0,120.0,150.0,1040.8
933,139.3,458.0,164,34,14,11.9,266.5,9.0,10.0,11.0,0,0,0,0,90.0,120.0,1359.9
934,-539.7,160.9,148,14,306,20.2,213.2,12.0,13.0,14.0,0,0,0,0,30.0,60.0,1307.7
935,828.5,11.2,121,14,348,30.9,315.8,3.0,4.0,5.0,0,0,0,0,90.0,120.0,544.0
936,897.5,925.3,187,22,288,6.6,210.6,3.0,4.0,5.0,0,0,0,0,90.0,120.0,402.1
937,283.8,-928.9,162,7,283,7.9,133.3,9.0,10.0,11.0,0,0,0,0,90.0,120.0,2264.9
938,-707.2,383.0,123,28,86,28.4,292.9,12.0,13.0,14.0,0,0,0,0,90.0,120.0,985.7
939,380.1,-478.1,103,39,56,8.4,61.5,9.0,10.0,11.0,0,0,0,0,60.0,90.0,1819.9
940,809.2,-748.0,165,5,265,0.4,12.7,6.0,7.0,8.0,0,0,0,0,30.0,60.0,1263.9
941,-321.1,-71.2,122,10,238,25.9,166.4,12.0,13.0,14.0,0,0,0,0,120.0,150.0,450.6
942,-410.9,-161.6,109,2,340,25.2,124.6,6.0,7.0,8.0,0,0,0,0,120.0,150.0,581.1
943,344.6,196.6,182,17,273,13.8,19.0,9.0,10.0,11.0,0,0,0,0,120.0,150.0,130.1
944,-466.7,-426.5,146,19,286,19.0,183.8,12.0,13.0,14.0,0,0,0,0,120.0,150.0,1047.3
945,-862.7,756.8,163,23,360,8.6,274.8,3.0,4.0,5.0,0,0,0,0,90.0,120.0,3204.3
946,566.6,261.7,182,0,154,28.3,210.6,9.0,10.0,11.0,0,0,0,0,60.0,90.0,207.0
947,-491.7,474.9,147,44,328,8.1,239.7,6.0,7.0,8.0,0,0,0,0,120.0,150.0,1592.6
948,791.5,-91.2,146,21,57,15.2,262.6,3.0,4.0,5.0,0,0,0,0,30.0,60.0,1734.9
949,-53.8,-471.1,183,14,125,29.5,29.8,6.0,7.0,8.0,0,0,0,0,120.0,150.0,194.6
950,-25.4,21.2,187,20,255,12.8,249.5,9.0,10.0,11.0,0,0,0,0,90.0,120.0,474.6
951,494.5,390.1,204,9,87,11.2,159.4,9.0,10.0,11.0,0,0,0,0,30.0,60.0,2810.6
952,-714.2,864.6,204,8,291,14.5,42.3,3.0,4.0,5.0,0,0,0,0,120.0,150.0,3174.2
953,320.5,-522.8,102,21,188,24.8,204.0,12.0,13.0,14.0,0,0,0,0,30.0,60.0,1854.3
954,178.4,832.3,181,2,29,10.5,87.6,9.0,10.0,11.0,0,0,0,0,60.0,90.0,46.0
955,47.8,-144.8,107,12,158,11.5,189.3,6.0,7.0,8.0,0,0,0,0,120.0,150.0,832.6
956,354.0,-757.0,182,29,264,13.0,113.2,6.0,7.0,8.0,0,0,0,0,120.0,150.0,92.7
957,-679.7,-287.0,203,16,89,2.9,188.6,6.0,7.0,8.0,0,0,0,0,30.0,60.0,2812.6
958,-30.1,233.0,104,43,96,7.7,109.3,3.0,4.0,5.0,0,0,0,0,30.0,60.0,0.0
959,470.5,136.5,163,34,247,28.8,198.6,9.0,10.0,11.0,0,0,0,0,90.0,120.0,808.6
960,-769.6,445.5,202,39,358,16.7,332.0,12.0,13.0,14.0,0,0,0,0,90.0,120.0,1085.3
961,719.7,295.0,203,6,302,6.4,261.2,3.0,4.0,5.0,0,0,0,0,60.0,90.0,3126.9
962,-642.0,505.5,182,13,69,0.4,234.5,3.0,4.0,5.0,0,0,0,0,120.0,150.0,91.8
963,179.1,658.5,161,38,108,10.3,24.2,3.0,4.0,5.0,0,0,0,0,90.0,120.0,344.9
964,183.4,238.8,204,3,106,10.5,275.5,9.0,10.0,11.0,0,0,0,0,60.0,90.0,3054.4
965,625.8,711.4,189,17,316,28.5,349.6,6.0,7.0,8.0,0,0,0,0,30.0,60.0,972.3
966,-564.5,528.6,186,32,217,2.4,293.5,9.0,10.0,11.0,0,0,0,0,120.0,150.0,756.1
967,437.6,-617.2,161,42,314,9.0,341.3,9.0,10.0,11.0,0,0,0,0,120.0,150.0,62.5
968,-156.2,-850.1,149,38,136,15.1,16.9,3.0,4.0,5.0,0,0,0,0,90.0,120.0,1113.5
969,856.9,-451.0,187,4,78,26.8,204.8,12.0,13.0,14.0,0,0,0,0,90.0,120.0,306.5
970,660.7,-95.4,102,30,285,15.4,131.5,12.0,13.0,14.0,0,0,0,0,120.0,150.0,2.2
971,-145.5,-635.8,182,10,181,8.8,174.7,12.0,13.0,14.0,0,0,0,0,90.0,120.0,70.9
972,880.8,-372.5,164,32,188,18.3,41.1,12.0,13.0,14.0,0,0,0,0,30.0,60.0,0.2
973,-522.0,934.3,188,33,309,24.7,131.8,12.0,13.0,14.0,0,0,0,0,30.0,60.0,367.6
974,784.1,-838.6,105,8,233,17.4,42.2,6.0,7.0,8.0,0,0,0,0,90.0,120.0,1408.6
975,-486.6,-35.2,183,33,339,6.6,183.6,12.0,13.0,14.0,0,0,0,0,90.0,120.0,122.1
976,-739.6,483.3,147,30,229,20.5,113.1,9.0,10.0,11.0,0,0,0,0,30.0,60.0,936.3
977,-673.4,-699.5,145,34,150,20.6,139.2,12.0,13.0,14.0,0,0,0,0,120.0,150.0,924.5
978,871.7,-764.1,101,17,58,5.3,18.2,9.0,10.0,11.0,0,0,0,0,60.0,90.0,1641.7
979,912.6,325.1,109,2,336,7.2,24.5,12.0,13.0,14.0,0,0,0,0,30.0,60.0,3419.5
980,-222.1,-276.2,106,19,333,4.2,259.2,6.0,7.0,8.0,0,0,0,0,60.0,90.0,3419.5
981,867.2,-189.6,124,23,119,30.8,7.2,9.0,10.0,11.0,0,0,0,0,30.0,60.0,1852.5
982,313.4,-23.9,183,34,90,23.6,277.3,12.0,13.0,14.0,0,0,0,0,90.0,120.0,144.8
983,-911.4,308.5,107,29,133,16.9,244.5,3.0,4.0,5.0,0,0,0,0,30.0,60.0,3419.5
984,-1.6,640.4,141,39,44,12.8,93.5,9.0,10.0,11.0,0,0,0,0,60.0,90.0,704.8
985,-188.9,-939.7,161,44,235,18.7,355.9,6.0,7.0,8.0,0,0,0,0,60.0,90.0,405.4
986,35.5,-775.0,124,9,9,25.0,216.0,9.0,10.0,11.0,0,0,0,0,60.0,90.0,1648.4
987,-144.4,-532.1,203,18,49,8.7,126.5,9.0,10.0,11.0,0,0,0,0,90.0,120.0,2517.7
988,-747.8,-879.5,203,13,247,16.8,61.7,9.0,10.0,11.0,0,0,0,0,60.0,90.0,831.8
989,-347.6,514.4,123,20,282,19.1,270.8,3.0,4.0,5.0,0,0,0,0,120.0,150.0,608.0
990,-384.6,306.6,149,16,265,24.5,259.1,9.0,10.0,11.0,0,0,0,0,90.0,120.0,1899.7
991,-451.1,-589.9,165,19,225,21.5,101.3,6.0,7.0,8.0,0,0,0,0,120.0,150.0,416.3
992,-585.4,-365.3,143,37,41,15.4,339.4,3.0,4.0,5.0,0,0,0,0,120.0,150.0,212.8
993,-297.3,-596.7,121,41,113,7.7,185.4,12.0,13.0,14.0,0,0,0,0,60.0,90.0,1032.4
994,354.4,408.4,186,41,218,9.8,88.7,9.0,10.0,11.0,0,0,0,0,30.0,60.0,517.7
995,927.8,-281.5,109,39,33,24.3,233.7,6.0,7.0,8.0,0,0,0,0,60.0,90.0,2932.7
996,-385.3,254.7,105,35,72,27.0,142.1,6.0,7.0,8.0,0,0,0,0,60.0,90.0,0.0
997,219.9,-900.9,165,27,306,8.7,183.1,12.0,13.0,14.0,0,0,0,0,60.0,90.0,1549.6
998,871.6,-184.7,124,32,74,21.9,305.4,6.0,7.0,8.0,0,0,0,0,90.0,120.0,338.5
999,898.8,585.7,188,9,224,10.0,172.5,12.0,13.0,14.0,0,0,0,0,90.0,120.0,550.6
1,-605.1,938.0,101,3,18,10.4,153.7,12.0,13.0,14.0,0,0,0,0,30.0,60.0,
1,-274.4,125.8,101,3,207,6.3,98.3,12.0,13.0,14.0,0,0,0,0,90.0,120.0,
